    0.0000E+00    1.0231E+03  137.0697E+00  908.6927E-03   18.0304E-03
    1.0000E-06    1.0328E+03  168.6829E+00  835.4216E-03   32.6891E-03
    2.0000E-06    1.0363E+03  198.3602E+00  770.3817E-03   45.7021E-03
    3.0000E-06    1.0365E+03  226.1201E+00  709.3913E-03   57.9052E-03
    4.0000E-06    1.0320E+03  252.7024E+00  655.8034E-03   68.6286E-03
    5.0000E-06    1.0262E+03  277.0992E+00  605.8663E-03   78.6009E-03
    6.0000E-06    1.0173E+03  300.3425E+00  562.9505E-03   87.1872E-03
    7.0000E-06    1.0073E+03  321.8857E+00  524.5292E-03   94.8660E-03
    8.0000E-06  996.8093E+00  341.9919E+00  489.3873E-03  101.8956E-03
    9.0000E-06  985.2810E+00  361.4543E+00  457.0563E-03  108.3610E-03
   10.0000E-06  974.0035E+00  379.6520E+00  425.5811E-03  114.6569E-03
   11.0000E-06  962.5270E+00  395.9993E+00  400.9006E-03  119.5967E-03
   12.0000E-06  950.1066E+00  412.3668E+00  378.8325E-03  124.0023E-03
   13.0000E-06  937.5889E+00  428.3434E+00  357.3899E-03  128.2908E-03
   14.0000E-06  925.9286E+00  442.5363E+00  340.0133E-03  131.7674E-03
   15.0000E-06  914.0978E+00  456.8910E+00  320.7445E-03  135.6271E-03
   16.0000E-06  902.6311E+00  470.1163E+00  305.7858E-03  138.6145E-03
   17.0000E-06  892.1555E+00  482.1589E+00  290.9197E-03  141.5906E-03
   18.0000E-06  881.1394E+00  494.2080E+00  280.0688E-03  143.7610E-03
   19.0000E-06  871.2282E+00  505.1303E+00  268.3030E-03  146.1199E-03
   20.0000E-06  862.0932E+00  514.9137E+00  260.0997E-03  147.7460E-03
