    0.0000E+00    1.0219E+03  120.2953E+00  938.4026E-03   12.0900E-03
  100.0000E-09    1.0349E+03  155.1310E+00  856.6345E-03   28.4425E-03
  200.0000E-09    1.0403E+03  187.6002E+00  784.1935E-03   42.9315E-03
  300.0000E-09    1.0409E+03  218.2629E+00  717.1770E-03   56.3400E-03
  400.0000E-09    1.0365E+03  247.1871E+00  658.4036E-03   68.0994E-03
  500.0000E-09    1.0297E+03  273.8990E+00  604.9636E-03   78.7782E-03
  600.0000E-09    1.0199E+03  299.0192E+00  558.8128E-03   88.0093E-03
  700.0000E-09    1.0087E+03  322.3509E+00  518.2657E-03   96.1150E-03
  800.0000E-09  996.8262E+00  344.2662E+00  480.3948E-03  103.6923E-03
  900.0000E-09  984.1550E+00  365.0442E+00  446.2611E-03  110.5175E-03
    1.0000E-06  971.2770E+00  384.7751E+00  413.7549E-03  117.0192E-03
    1.1000E-06  958.6226E+00  402.2493E+00  388.0482E-03  122.1637E-03
    1.2000E-06  945.3335E+00  419.3007E+00  365.6997E-03  126.6317E-03
    1.3000E-06  931.6891E+00  436.2578E+00  343.7115E-03  131.0256E-03
    1.4000E-06  919.0720E+00  451.3532E+00  325.2675E-03  134.7164E-03
    1.5000E-06  906.3960E+00  466.3062E+00  306.1524E-03  138.5504E-03
    1.6000E-06  893.8985E+00  480.3078E+00  292.0027E-03  141.3736E-03
    1.7000E-06  883.2875E+00  492.2880E+00  277.5399E-03  144.2651E-03
    1.8000E-06  871.7872E+00  504.6217E+00  267.7376E-03  146.2238E-03
    1.9000E-06  861.5419E+00  515.7270E+00  256.5042E-03  148.4694E-03
    2.0000E-06  851.3918E+00  526.3749E+00  249.3445E-03  149.8961E-03
    2.1000E-06  842.0432E+00  536.2669E+00  240.6895E-03  151.6279E-03
    2.2000E-06  832.9674E+00  545.7448E+00  233.5776E-03  153.0501E-03
    2.3000E-06  823.7122E+00  555.2766E+00  228.1750E-03  154.1341E-03
    2.4000E-06  815.6733E+00  563.6230E+00  221.6051E-03  155.4473E-03
    2.5000E-06  808.4336E+00  571.1192E+00  215.4677E-03  156.6730E-03
    2.6000E-06  801.5875E+00  578.1232E+00  211.2437E-03  157.5189E-03
    2.7000E-06  795.7045E+00  584.1835E+00  205.9858E-03  158.5704E-03
    2.8000E-06  788.5430E+00  591.4577E+00  202.2703E-03  159.3120E-03
    2.9000E-06  782.4449E+00  597.6059E+00  200.4229E-03  159.6841E-03
    3.0000E-06  776.8792E+00  603.2443E+00  197.6641E-03  160.2343E-03
    3.1000E-06  771.5093E+00  608.6785E+00  194.9962E-03  160.7668E-03
    3.2000E-06  767.0127E+00  613.2308E+00  192.4617E-03  161.2729E-03
    3.3000E-06  762.5674E+00  617.7518E+00  188.5149E-03  162.0627E-03
    3.4000E-06  758.3917E+00  621.9558E+00  186.8374E-03  162.3984E-03
    3.5000E-06  753.9964E+00  626.3706E+00  185.5886E-03  162.6486E-03
    3.6000E-06  750.3987E+00  630.0197E+00  181.9445E-03  163.3756E-03
    3.7000E-06  746.5760E+00  633.8498E+00  181.2598E-03  163.5142E-03
    3.8000E-06  743.0950E+00  637.3520E+00  179.3273E-03  163.9011E-03
    3.9000E-06  739.9277E+00  640.5275E+00  178.5327E-03  164.0593E-03
    4.0000E-06  737.0855E+00  643.3883E+00  176.3868E-03  164.4889E-03
    4.1000E-06  735.0329E+00  645.4546E+00  174.1874E-03  164.9321E-03
    4.2000E-06  731.9691E+00  648.5339E+00  171.6466E-03  165.4359E-03
    4.3000E-06  729.4162E+00  651.0827E+00  171.7865E-03  165.4144E-03
    4.4000E-06  727.6107E+00  652.8921E+00  171.0053E-03  165.5692E-03
    4.5000E-06  725.3481E+00  655.1602E+00  169.1008E-03  165.9500E-03
    4.6000E-06  723.7147E+00  656.7953E+00  168.8361E-03  166.0009E-03
    4.7000E-06  722.6526E+00  657.8527E+00  170.2297E-03  165.7244E-03
    4.8000E-06  720.5479E+00  659.9614E+00  169.2337E-03  165.9212E-03
    4.9000E-06  717.7793E+00  662.7283E+00  169.6011E-03  165.8491E-03
    5.0000E-06  716.3626E+00  664.1432E+00  170.2101E-03  165.7276E-03
    5.1000E-06  714.8780E+00  665.6312E+00  169.2482E-03  165.9184E-03
    5.2000E-06  713.6218E+00  666.8897E+00  168.2975E-03  166.1074E-03
    5.3000E-06  712.2166E+00  668.2975E+00  166.4413E-03  166.4764E-03
    5.4000E-06  712.0888E+00  668.4250E+00  166.8068E-03  166.4037E-03
    5.5000E-06  711.3617E+00  669.1504E+00  168.3233E-03  166.1011E-03
    5.6000E-06  710.0343E+00  670.4787E+00  168.0125E-03  166.1625E-03
    5.7000E-06  709.2944E+00  671.2176E+00  168.6643E-03  166.0320E-03
    5.8000E-06  708.0146E+00  672.4975E+00  168.4410E-03  166.0773E-03
    5.9000E-06  706.5013E+00  674.0087E+00  169.4174E-03  165.8823E-03
    6.0000E-06  705.1994E+00  675.3112E+00  168.4060E-03  166.0871E-03
    6.1000E-06  703.9885E+00  676.5236E+00  167.0079E-03  166.3666E-03
    6.2000E-06  703.6364E+00  676.8743E+00  165.6875E-03  166.6329E-03
    6.3000E-06  702.5462E+00  677.9674E+00  166.6516E-03  166.4351E-03
    6.4000E-06  701.3078E+00  679.2057E+00  165.4319E-03  166.6785E-03
    6.5000E-06  700.5878E+00  679.9189E+00  163.8674E-03  166.9997E-03
    6.6000E-06  699.6462E+00  680.8581E+00  162.9859E-03  167.1765E-03
    6.7000E-06  698.9240E+00  681.5704E+00  161.0086E-03  167.5769E-03
    6.8000E-06  698.5673E+00  681.9330E+00  162.5356E-03  167.2712E-03
    6.9000E-06  698.0119E+00  682.4937E+00  163.3328E-03  167.1063E-03
    7.0000E-06  697.4796E+00  683.0259E+00  162.8051E-03  167.2094E-03
    7.1000E-06  697.1019E+00  683.4060E+00  163.6485E-03  167.0403E-03
    7.2000E-06  696.3907E+00  684.1151E+00  163.6716E-03  167.0396E-03
    7.3000E-06  695.6164E+00  684.8910E+00  162.9938E-03  167.1693E-03
    7.4000E-06  695.2945E+00  685.2157E+00  163.4839E-03  167.0684E-03
    7.5000E-06  695.8767E+00  684.6341E+00  164.4361E-03  166.8804E-03
    7.6000E-06  695.5835E+00  684.9256E+00  163.2373E-03  167.1186E-03
    7.7000E-06  695.3055E+00  685.1989E+00  162.3154E-03  167.3067E-03
    7.8000E-06  695.5496E+00  684.9503E+00  161.3883E-03  167.4938E-03
    7.9000E-06  695.9035E+00  684.5945E+00  160.8377E-03  167.6031E-03
    8.0000E-06  695.5165E+00  684.9772E+00  159.8855E-03  167.7931E-03
    8.1000E-06  695.0626E+00  685.4360E+00  161.2515E-03  167.5226E-03
    8.2000E-06  694.5030E+00  685.9971E+00  161.9787E-03  167.3796E-03
    8.3000E-06  694.0040E+00  686.5012E+00  163.5715E-03  167.0604E-03
    8.4000E-06  694.2492E+00  686.2535E+00  164.6928E-03  166.8443E-03
    8.5000E-06  693.7626E+00  686.7380E+00  164.2384E-03  166.9377E-03
    8.6000E-06  693.9313E+00  686.5770E+00  164.1329E-03  166.9446E-03
    8.7000E-06  693.5414E+00  686.9635E+00  163.8843E-03  166.9994E-03
    8.8000E-06  693.0835E+00  687.4217E+00  163.7452E-03  167.0263E-03
    8.9000E-06  693.2058E+00  687.2936E+00  162.3823E-03  167.3026E-03
    9.0000E-06  693.2315E+00  687.2745E+00  163.3026E-03  167.1115E-03
    9.1000E-06  693.1265E+00  687.3792E+00  164.9672E-03  166.7847E-03
    9.2000E-06  693.8330E+00  686.6755E+00  164.0739E-03  166.9558E-03
    9.3000E-06  694.3095E+00  686.1932E+00  163.2392E-03  167.1298E-03
    9.4000E-06  693.8089E+00  686.6964E+00  163.7776E-03  167.0197E-03
    9.5000E-06  694.0792E+00  686.4268E+00  163.7996E-03  167.0142E-03
    9.6000E-06  693.1774E+00  687.3310E+00  164.0855E-03  166.9536E-03
    9.7000E-06  693.4837E+00  687.0287E+00  166.5450E-03  166.4588E-03
    9.8000E-06  693.0229E+00  687.4891E+00  165.7473E-03  166.6186E-03
    9.9000E-06  692.7272E+00  687.7852E+00  166.7109E-03  166.4256E-03
   10.0000E-06  692.8377E+00  687.6741E+00  166.9058E-03  166.3876E-03
   10.1000E-06  692.3739E+00  688.1313E+00  165.3349E-03  166.7128E-03
   10.2000E-06  692.6315E+00  687.8747E+00  164.9912E-03  166.7790E-03
   10.3000E-06  692.3234E+00  688.1799E+00  166.1413E-03  166.5558E-03
   10.4000E-06  692.4123E+00  688.0933E+00  165.6019E-03  166.6590E-03
   10.5000E-06  692.3710E+00  688.1390E+00  167.1404E-03  166.3436E-03
   10.6000E-06  692.0016E+00  688.5112E+00  166.7133E-03  166.4242E-03
   10.7000E-06  691.6916E+00  688.8216E+00  167.7639E-03  166.2123E-03
   10.8000E-06  692.0058E+00  688.5078E+00  167.2073E-03  166.3237E-03
   10.9000E-06  691.4419E+00  689.0711E+00  165.9339E-03  166.5796E-03
   11.0000E-06  691.3624E+00  689.1471E+00  166.1661E-03  166.5397E-03
   11.1000E-06  691.8606E+00  688.6463E+00  167.2971E-03  166.3178E-03
   11.2000E-06  691.5445E+00  688.9634E+00  166.1898E-03  166.5378E-03
   11.3000E-06  691.3042E+00  689.2019E+00  168.4853E-03  166.0791E-03
   11.4000E-06  691.2819E+00  689.2275E+00  167.3000E-03  166.3126E-03
   11.5000E-06  691.5172E+00  688.9915E+00  167.5540E-03  166.2628E-03
   11.6000E-06  691.8140E+00  688.6944E+00  168.4712E-03  166.0778E-03
   11.7000E-06  691.9268E+00  688.5817E+00  168.6530E-03  166.0407E-03
   11.8000E-06  691.6741E+00  688.8334E+00  170.0445E-03  165.7584E-03
   11.9000E-06  691.3696E+00  689.1355E+00  167.4024E-03  166.2997E-03
   12.0000E-06  690.6711E+00  689.8331E+00  166.9957E-03  166.3831E-03
   12.1000E-06  690.2754E+00  690.2291E+00  165.6683E-03  166.6477E-03
   12.2000E-06  690.1291E+00  690.3826E+00  166.3012E-03  166.5087E-03
   12.3000E-06  690.7022E+00  689.8078E+00  167.0332E-03  166.3652E-03
   12.4000E-06  690.9782E+00  689.5281E+00  165.2458E-03  166.7284E-03
   12.5000E-06  690.9865E+00  689.5221E+00  166.3997E-03  166.4946E-03
   12.6000E-06  690.6990E+00  689.8128E+00  166.5014E-03  166.4687E-03
   12.7000E-06  691.0655E+00  689.4476E+00  166.6632E-03  166.4337E-03
   12.8000E-06  690.9669E+00  689.5464E+00  167.7103E-03  166.2229E-03
   12.9000E-06  690.3333E+00  690.1773E+00  165.1735E-03  166.7350E-03
   13.0000E-06  690.1652E+00  690.3454E+00  164.4304E-03  166.8820E-03
   13.1000E-06  690.1890E+00  690.3197E+00  164.1163E-03  166.9473E-03
   13.2000E-06  689.6789E+00  690.8315E+00  164.9980E-03  166.7701E-03
   13.3000E-06  690.2151E+00  690.2961E+00  165.6099E-03  166.6474E-03
   13.4000E-06  690.3200E+00  690.1898E+00  165.2989E-03  166.7117E-03
   13.5000E-06  689.4002E+00  691.1065E+00  165.1841E-03  166.7399E-03
   13.6000E-06  689.3329E+00  691.1752E+00  165.4425E-03  166.6862E-03
   13.7000E-06  689.4422E+00  691.0607E+00  164.0299E-03  166.9745E-03
   13.8000E-06  689.5185E+00  690.9869E+00  165.6168E-03  166.6565E-03
   13.9000E-06  688.8945E+00  691.6079E+00  164.7991E-03  166.8238E-03
   14.0000E-06  689.2581E+00  691.2503E+00  165.5277E-03  166.6688E-03
   14.1000E-06  688.7874E+00  691.7218E+00  165.6321E-03  166.6465E-03
   14.2000E-06  689.1099E+00  691.3985E+00  166.3386E-03  166.5073E-03
   14.3000E-06  688.9218E+00  691.5860E+00  165.7460E-03  166.6264E-03
   14.4000E-06  688.1998E+00  692.3071E+00  167.0940E-03  166.3585E-03
   14.5000E-06  688.2621E+00  692.2415E+00  168.2795E-03  166.1254E-03
   14.6000E-06  688.6008E+00  691.9004E+00  168.3900E-03  166.1073E-03
   14.7000E-06  688.7675E+00  691.7435E+00  167.0679E-03  166.3565E-03
   14.8000E-06  688.3556E+00  692.1562E+00  166.4971E-03  166.4694E-03
   14.9000E-06  688.5433E+00  691.9677E+00  163.9052E-03  166.9844E-03
   15.0000E-06  688.3993E+00  692.1094E+00  164.6791E-03  166.8361E-03
   15.1000E-06  688.6541E+00  691.8528E+00  164.7411E-03  166.8273E-03
   15.2000E-06  688.3365E+00  692.1722E+00  164.9779E-03  166.7770E-03
   15.3000E-06  688.5960E+00  691.9103E+00  166.6432E-03  166.4500E-03
   15.4000E-06  688.4603E+00  692.0397E+00  168.8905E-03  166.0079E-03
   15.5000E-06  688.4602E+00  692.0426E+00  167.4350E-03  166.2975E-03
   15.6000E-06  689.0296E+00  691.4821E+00  167.0303E-03  166.3627E-03
   15.7000E-06  689.4271E+00  691.0866E+00  166.6457E-03  166.4362E-03
   15.8000E-06  689.4267E+00  691.0867E+00  166.0740E-03  166.5511E-03
   15.9000E-06  689.8328E+00  690.6775E+00  168.3736E-03  166.0943E-03
   16.0000E-06  690.1497E+00  690.3613E+00  168.4473E-03  166.0779E-03
   16.1000E-06  690.1849E+00  690.3271E+00  168.6561E-03  166.0337E-03
   16.2000E-06  690.0570E+00  690.4546E+00  168.7280E-03  166.0199E-03
   16.3000E-06  690.0014E+00  690.5119E+00  167.2332E-03  166.3190E-03
   16.4000E-06  689.5751E+00  690.9390E+00  166.8512E-03  166.3943E-03
   16.5000E-06  689.0666E+00  691.4470E+00  167.5978E-03  166.2451E-03
   16.6000E-06  689.0895E+00  691.4211E+00  168.6166E-03  166.0442E-03
   16.7000E-06  688.8542E+00  691.6573E+00  168.7488E-03  166.0157E-03
   16.8000E-06  688.9254E+00  691.5881E+00  167.4765E-03  166.2698E-03
   16.9000E-06  689.3019E+00  691.2114E+00  167.3658E-03  166.2924E-03
   17.0000E-06  688.7976E+00  691.7151E+00  167.0136E-03  166.3642E-03
   17.1000E-06  688.5694E+00  691.9363E+00  167.6928E-03  166.2402E-03
   17.2000E-06  689.3641E+00  691.1363E+00  167.3075E-03  166.3273E-03
   17.3000E-06  689.5745E+00  690.9252E+00  167.8291E-03  166.2235E-03
   17.4000E-06  690.0858E+00  690.4150E+00  167.0165E-03  166.3851E-03
   17.5000E-06  689.3295E+00  691.1700E+00  169.3099E-03  165.9231E-03
   17.6000E-06  688.7363E+00  691.7647E+00  168.2000E-03  166.1461E-03
   17.7000E-06  688.2972E+00  692.1987E+00  167.4787E-03  166.3010E-03
   17.8000E-06  687.8513E+00  692.6456E+00  168.1736E-03  166.1590E-03
   17.9000E-06  688.3859E+00  692.1208E+00  167.9522E-03  166.1859E-03
   18.0000E-06  688.7433E+00  691.7580E+00  170.0685E-03  165.7648E-03
   18.1000E-06  689.0009E+00  691.4938E+00  170.5037E-03  165.6873E-03
   18.2000E-06  688.7786E+00  691.7230E+00  170.7432E-03  165.6253E-03
   18.3000E-06  689.9479E+00  690.5537E+00  169.2408E-03  165.9335E-03
   18.4000E-06  689.6767E+00  690.8229E+00  168.3479E-03  166.1187E-03
   18.5000E-06  690.6074E+00  689.9015E+00  166.4026E-03  166.4935E-03
   18.6000E-06  690.0531E+00  690.4508E+00  165.6638E-03  166.6498E-03
   18.7000E-06  689.8876E+00  690.6182E+00  165.1311E-03  166.7519E-03
   18.8000E-06  690.3512E+00  690.1568E+00  162.7963E-03  167.2066E-03
   18.9000E-06  690.7148E+00  689.7951E+00  163.5995E-03  167.0464E-03
   19.0000E-06  690.5397E+00  689.9671E+00  162.7970E-03  167.2086E-03
   19.1000E-06  690.3030E+00  690.2060E+00  163.4976E-03  167.0679E-03
   19.2000E-06  690.6623E+00  689.8457E+00  162.8987E-03  167.1866E-03
   19.3000E-06  690.7328E+00  689.7675E+00  163.2688E-03  167.1284E-03
   19.4000E-06  690.3225E+00  690.1865E+00  164.9086E-03  166.7905E-03
   19.5000E-06  690.7915E+00  689.7211E+00  167.1425E-03  166.3386E-03
   19.6000E-06  690.3371E+00  690.1758E+00  166.7294E-03  166.4208E-03
   19.7000E-06  689.7822E+00  690.7297E+00  165.6452E-03  166.6390E-03
   19.8000E-06  690.2912E+00  690.2162E+00  165.3056E-03  166.7145E-03
   19.9000E-06  689.7477E+00  690.7618E+00  164.3715E-03  166.8955E-03
   20.0000E-06  689.1358E+00  691.3687E+00  162.3803E-03  167.2938E-03
