    0.0000E+00   10.1393E+00    9.9884E+00  982.9958E-03  110.5462E-06
   40.0000E-03   10.5160E+00   10.0284E+00  923.6843E-03  133.5951E-06
   80.0000E-03   10.8326E+00   10.0217E+00  870.8681E-03  192.5142E-06
  120.0000E-03   11.0897E+00    9.9457E+00  825.4722E-03   79.3828E-06
  160.0000E-03   11.2959E+00   10.0095E+00  787.0240E-03  139.7626E-06
  200.0000E-03   11.4729E+00    9.9667E+00  752.5564E-03   90.3768E-06
  240.0000E-03   11.6218E+00    9.9600E+00  722.3104E-03  118.2657E-06
  280.0000E-03   11.7513E+00    9.9167E+00  694.8898E-03  150.9788E-06
  320.0000E-03   11.8595E+00   10.0469E+00  671.0224E-03  104.0419E-06
  360.0000E-03   11.9626E+00    9.9931E+00  647.4705E-03  137.7968E-06
  400.0000E-03   12.0521E+00    9.9568E+00  626.4097E-03   42.7318E-06
  440.0000E-03   12.1326E+00    9.9941E+00  606.8825E-03  108.8151E-06
  480.0000E-03   12.2070E+00   10.0213E+00  588.2573E-03   50.6264E-06
  520.0000E-03   12.2718E+00    9.9851E+00  571.6124E-03  110.8736E-06
  560.0000E-03   12.3353E+00   10.0247E+00  554.8293E-03  129.1298E-06
  600.0000E-03   12.3910E+00   10.0019E+00  539.7327E-03  155.4262E-06
  640.0000E-03   12.4393E+00    9.9990E+00  525.9723E-03  167.4238E-06
  680.0000E-03   12.4875E+00    9.9796E+00  511.9204E-03   67.0635E-06
  720.0000E-03   12.5286E+00    9.9842E+00  499.7672E-03   66.6977E-06
  760.0000E-03   12.5729E+00   10.0302E+00  486.1844E-03  159.6642E-06
  800.0000E-03   12.6097E+00   10.0127E+00  474.6432E-03   67.3530E-06
  840.0000E-03   12.6417E+00    9.9581E+00  464.4405E-03  132.3694E-06
  880.0000E-03   12.6721E+00    9.9671E+00  454.4454E-03   76.9299E-06
  920.0000E-03   12.7003E+00    9.9972E+00  445.0413E-03   93.3239E-06
  960.0000E-03   12.7302E+00    9.9865E+00  434.8501E-03   36.6288E-06
    1.0000E+00   12.7585E+00   10.0391E+00  424.8810E-03   27.7978E-06
    1.0400E+00   12.7829E+00    9.9870E+00  416.0789E-03  100.6689E-06
    1.0800E+00   12.8064E+00    9.9857E+00  407.3985E-03  133.9431E-06
    1.1200E+00   12.8289E+00   10.0101E+00  398.9324E-03  202.1831E-06
    1.1600E+00   12.8509E+00    9.9960E+00  390.8099E-03  143.5720E-06
    1.2000E+00   12.8752E+00    9.9939E+00  381.4350E-03  117.2001E-06
    1.2400E+00   12.8948E+00    9.9580E+00  373.6402E-03  175.1322E-06
    1.2800E+00   12.9095E+00   10.0119E+00  367.5497E-03  110.2116E-06
    1.3200E+00   12.9293E+00    9.9254E+00  359.4154E-03   86.3341E-06
    1.3600E+00   12.9468E+00    9.9910E+00  352.0850E-03  137.6373E-06
    1.4000E+00   12.9575E+00   10.0086E+00  347.5649E-03  154.0942E-06
    1.4400E+00   12.9700E+00    9.9533E+00  342.0551E-03  189.7250E-06
    1.4800E+00   12.9889E+00   10.0344E+00  333.6313E-03   47.7796E-06
    1.5200E+00   13.0018E+00    9.9846E+00  327.8622E-03  181.0661E-06
    1.5600E+00   13.0120E+00    9.9869E+00  323.2859E-03  103.3050E-06
    1.6000E+00   13.0265E+00    9.9364E+00  316.5780E-03  123.2618E-06
    1.6400E+00   13.0399E+00    9.9776E+00  310.2396E-03   87.6272E-06
    1.6800E+00   13.0524E+00    9.9717E+00  303.9336E-03   88.1988E-06
    1.7200E+00   13.0620E+00   10.0074E+00  299.1414E-03   80.7735E-06
    1.7600E+00   13.0682E+00    9.9768E+00  296.0072E-03  127.9775E-06
    1.8000E+00   13.0783E+00    9.9610E+00  290.6154E-03   68.6721E-06
    1.8400E+00   13.0875E+00   10.0399E+00  285.6844E-03  152.8422E-06
    1.8800E+00   13.0949E+00    9.9840E+00  281.7734E-03   66.7436E-06
    1.9200E+00   13.1036E+00    9.9917E+00  277.3232E-03  184.8595E-06
    1.9600E+00   13.1134E+00    9.9724E+00  271.7012E-03  134.6118E-06
    2.0000E+00   13.1193E+00    9.9359E+00  268.2285E-03  114.0455E-06
    2.0400E+00   13.1303E+00   10.0141E+00  262.0793E-03   80.7670E-06
    2.0800E+00   13.1369E+00   10.0058E+00  258.1527E-03   61.4165E-06
    2.1200E+00   13.1461E+00    9.9642E+00  252.7840E-03   86.2185E-06
    2.1600E+00   13.1528E+00   10.0368E+00  248.7132E-03  129.3354E-06
    2.2000E+00   13.1572E+00    9.9741E+00  245.9250E-03   91.8519E-06
    2.2400E+00   13.1645E+00    9.9442E+00  241.2740E-03   60.0136E-06
    2.2800E+00   13.1676E+00   10.0047E+00  239.4422E-03  137.4648E-06
    2.3200E+00   13.1718E+00   10.0080E+00  236.4624E-03  122.1014E-06
    2.3600E+00   13.1794E+00    9.9911E+00  231.9084E-03  114.7228E-06
    2.4000E+00   13.1834E+00    9.9869E+00  229.3298E-03  224.4857E-06
    2.4400E+00   13.1877E+00    9.9891E+00  226.5058E-03  168.8744E-06
    2.4800E+00   13.1923E+00   10.0338E+00  223.4267E-03  114.0371E-06
    2.5200E+00   13.1980E+00    9.9873E+00  219.7426E-03  111.5816E-06
    2.5600E+00   13.2063E+00   10.0141E+00  213.8649E-03   88.1012E-06
    2.6000E+00   13.2110E+00    9.9964E+00  210.6551E-03  107.9460E-06
    2.6400E+00   13.2160E+00    9.9752E+00  207.2074E-03  178.0464E-06
    2.6800E+00   13.2201E+00   10.0289E+00  204.2295E-03  213.1303E-06
    2.7200E+00   13.2242E+00   10.0177E+00  200.8954E-03  150.4696E-06
    2.7600E+00   13.2307E+00   10.0673E+00  195.8495E-03   78.4146E-06
    2.8000E+00   13.2323E+00   10.0272E+00  194.8527E-03  116.6508E-06
    2.8400E+00   13.2333E+00    9.9880E+00  194.2723E-03   67.0603E-06
    2.8800E+00   13.2356E+00    9.9593E+00  192.2006E-03   84.3867E-06
    2.9200E+00   13.2378E+00    9.9893E+00  190.5832E-03  115.1884E-06
    2.9600E+00   13.2407E+00    9.9240E+00  188.1768E-03  144.1725E-06
    3.0000E+00   13.2450E+00   10.0342E+00  184.6151E-03  154.9810E-06
    3.0400E+00   13.2499E+00   10.0761E+00  180.5696E-03  123.8546E-06
    3.0800E+00   13.2522E+00    9.9943E+00  178.4991E-03   99.8785E-06
    3.1200E+00   13.2567E+00   10.0134E+00  174.3156E-03   23.6687E-06
    3.1600E+00   13.2592E+00   10.0089E+00  171.9010E-03   70.0905E-06
    3.2000E+00   13.2611E+00   10.0235E+00  170.3878E-03   90.3286E-06
    3.2400E+00   13.2627E+00   10.0052E+00  169.0268E-03   96.4883E-06
    3.2800E+00   13.2655E+00   10.0042E+00  166.4403E-03   80.6856E-06
    3.3200E+00   13.2666E+00    9.9694E+00  165.1229E-03   99.9887E-06
    3.3600E+00   13.2694E+00   10.0110E+00  162.5768E-03  130.8386E-06
    3.4000E+00   13.2730E+00    9.9827E+00  159.8272E-03   69.4129E-06
    3.4400E+00   13.2748E+00    9.9952E+00  158.1829E-03   79.6489E-06
    3.4800E+00   13.2758E+00   10.0211E+00  157.1667E-03  105.4657E-06
    3.5200E+00   13.2777E+00    9.9683E+00  155.5135E-03   78.8888E-06
    3.5600E+00   13.2782E+00    9.9910E+00  155.2289E-03  183.5552E-06
    3.6000E+00   13.2797E+00    9.9910E+00  153.3894E-03  129.9724E-06
    3.6400E+00   13.2803E+00   10.0028E+00  152.8072E-03  124.8476E-06
    3.6800E+00   13.2816E+00   10.0337E+00  151.1546E-03  122.7607E-06
    3.7200E+00   13.2836E+00    9.9625E+00  148.7798E-03   51.4602E-06
    3.7600E+00   13.2863E+00    9.9596E+00  145.9984E-03  131.7693E-06
    3.8000E+00   13.2873E+00   10.0011E+00  145.0426E-03  113.0119E-06
    3.8400E+00   13.2892E+00   10.0725E+00  142.6847E-03   12.4725E-06
    3.8800E+00   13.2919E+00   10.0445E+00  140.0612E-03  135.1468E-06
    3.9200E+00   13.2935E+00   10.0144E+00  137.7926E-03  118.1630E-06
    3.9600E+00   13.2954E+00    9.9791E+00  136.4302E-03  119.7179E-06
    4.0000E+00   13.2953E+00    9.9992E+00  135.9846E-03  110.7580E-06
    4.0400E+00   13.2956E+00   10.0800E+00  134.9901E-03   45.6090E-06
    4.0800E+00   13.2967E+00   10.0018E+00  133.9620E-03   50.0166E-06
    4.1200E+00   13.3000E+00   10.0451E+00  130.6479E-03  110.1935E-06
    4.1600E+00   13.3008E+00    9.9600E+00  129.7922E-03  140.7719E-06
    4.2000E+00   13.3005E+00    9.9977E+00  129.9316E-03   79.6534E-06
    4.2400E+00   13.3042E+00   10.0263E+00  125.6416E-03  120.4020E-06
    4.2800E+00   13.3042E+00   10.0143E+00  125.2736E-03   70.0796E-06
    4.3200E+00   13.3054E+00   10.0120E+00  123.3608E-03  204.7043E-06
    4.3600E+00   13.3047E+00   10.0232E+00  124.4612E-03  168.6955E-06
    4.4000E+00   13.3065E+00    9.9965E+00  122.9267E-03  138.5342E-06
    4.4400E+00   13.3072E+00   10.0314E+00  122.4563E-03   76.8065E-06
    4.4800E+00   13.3074E+00   10.0029E+00  121.8236E-03   94.9612E-06
    4.5200E+00   13.3085E+00   10.0230E+00  121.0181E-03   74.5501E-06
    4.5600E+00   13.3103E+00   10.0184E+00  118.2527E-03  106.5438E-06
    4.6000E+00   13.3113E+00    9.9975E+00  117.0421E-03  170.5145E-06
    4.6400E+00   13.3139E+00   10.0194E+00  113.7567E-03  147.7600E-06
    4.6800E+00   13.3141E+00    9.9965E+00  112.9091E-03   73.8171E-06
    4.7200E+00   13.3145E+00    9.9840E+00  112.0818E-03  127.7101E-06
    4.7600E+00   13.3142E+00    9.9903E+00  113.1103E-03  109.8741E-06
    4.8000E+00   13.3145E+00    9.9979E+00  111.8445E-03   73.8511E-06
    4.8400E+00   13.3134E+00   10.0111E+00  112.4528E-03   31.4140E-06
    4.8800E+00   13.3133E+00    9.9969E+00  112.1109E-03  201.1061E-06
    4.9200E+00   13.3140E+00    9.9535E+00  110.4486E-03  116.2912E-06
    4.9600E+00   13.3148E+00    9.9772E+00  109.2006E-03  147.7200E-06
    5.0000E+00   13.3165E+00    9.9337E+00  106.8849E-03  192.5834E-06
    5.0400E+00   13.3166E+00   10.0171E+00  105.9451E-03  117.6305E-06
    5.0800E+00   13.3179E+00   10.0118E+00  104.0320E-03  107.1050E-06
    5.1200E+00   13.3168E+00    9.9842E+00  105.0831E-03    8.7787E-06
    5.1600E+00   13.3166E+00    9.9926E+00  105.2222E-03  122.2100E-06
    5.2000E+00   13.3167E+00    9.9936E+00  104.3023E-03  149.6242E-06
    5.2400E+00   13.3180E+00   10.0310E+00  102.5134E-03   79.6661E-06
    5.2800E+00   13.3192E+00    9.9494E+00  100.3717E-03   80.4813E-06
    5.3200E+00   13.3196E+00   10.0268E+00   99.5509E-03   89.2853E-06
    5.3600E+00   13.3195E+00   10.0335E+00   99.2555E-03  111.7347E-06
    5.4000E+00   13.3185E+00    9.9769E+00  100.4903E-03   59.2140E-06
    5.4400E+00   13.3177E+00    9.9511E+00  100.8815E-03  132.2538E-06
    5.4800E+00   13.3186E+00   10.0011E+00   99.2801E-03  115.9073E-06
    5.5200E+00   13.3193E+00   10.0629E+00   97.9844E-03  130.1155E-06
    5.5600E+00   13.3202E+00    9.9823E+00   96.5435E-03  119.2841E-06
    5.6000E+00   13.3203E+00   10.0584E+00   95.8989E-03  172.6314E-06
    5.6400E+00   13.3216E+00   10.0456E+00   94.1100E-03  154.3473E-06
    5.6800E+00   13.3224E+00    9.9732E+00   93.2015E-03   78.9726E-06
    5.7200E+00   13.3233E+00    9.9646E+00   91.3793E-03  216.9856E-06
    5.7600E+00   13.3230E+00   10.0856E+00   91.2792E-03   67.0023E-06
    5.8000E+00   13.3228E+00    9.9573E+00   91.7006E-03   89.7510E-06
    5.8400E+00   13.3239E+00    9.9810E+00   89.4737E-03   29.2258E-06
    5.8800E+00   13.3248E+00   10.0224E+00   87.4961E-03  115.0700E-06
    5.9200E+00   13.3248E+00   10.0430E+00   87.2099E-03   72.6773E-06
    5.9600E+00   13.3259E+00    9.9735E+00   86.1435E-03  281.4194E-06
    6.0000E+00   13.3256E+00   10.0147E+00   85.5924E-03  147.1524E-06
    6.0400E+00   13.3259E+00    9.9642E+00   84.4901E-03   34.4907E-06
    6.0800E+00   13.3266E+00    9.9807E+00   82.3524E-03   32.6055E-06
    6.1200E+00   13.3258E+00    9.9911E+00   84.0036E-03  146.4812E-06
    6.1600E+00   13.3258E+00    9.9816E+00   82.9016E-03  155.7746E-06
    6.2000E+00   13.3262E+00    9.9918E+00   81.9825E-03   82.5209E-06
    6.2400E+00   13.3270E+00    9.9941E+00   81.3492E-03  120.7355E-06
    6.2800E+00   13.3259E+00    9.9912E+00   82.1958E-03   80.7616E-06
    6.3200E+00   13.3254E+00    9.9977E+00   82.7525E-03   43.5534E-06
    6.3600E+00   13.3253E+00    9.9691E+00   81.6355E-03  109.0887E-06
    6.4000E+00   13.3255E+00   10.0177E+00   80.9774E-03   57.8968E-06
    6.4400E+00   13.3251E+00    9.9951E+00   81.5533E-03  150.5328E-06
    6.4800E+00   13.3242E+00   10.0165E+00   81.7580E-03  118.7604E-06
    6.5200E+00   13.3245E+00    9.9948E+00   80.6244E-03   78.9161E-06
    6.5600E+00   13.3251E+00   10.0641E+00   79.4301E-03  115.9996E-06
    6.6000E+00   13.3248E+00    9.9904E+00   78.7354E-03  151.4120E-06
    6.6400E+00   13.3249E+00   10.0042E+00   77.6292E-03  179.7562E-06
    6.6800E+00   13.3245E+00    9.9866E+00   77.6624E-03  156.4324E-06
    6.7200E+00   13.3248E+00    9.9931E+00   77.0015E-03   75.1902E-06
    6.7600E+00   13.3252E+00   10.0039E+00   77.0413E-03  139.7711E-06
    6.8000E+00   13.3255E+00    9.9956E+00   76.8422E-03   67.7595E-06
    6.8400E+00   13.3258E+00    9.9330E+00   75.8451E-03   46.4385E-06
    6.8800E+00   13.3267E+00    9.9462E+00   74.0855E-03   16.7880E-06
    6.9200E+00   13.3269E+00    9.9672E+00   73.8270E-03  105.8971E-06
    6.9600E+00   13.3270E+00   10.0230E+00   72.9900E-03  255.3761E-06
    7.0000E+00   13.3274E+00   10.0353E+00   72.5951E-03   73.5797E-06
    7.0400E+00   13.3281E+00    9.9620E+00   70.6172E-03  127.8006E-06
    7.0800E+00   13.3277E+00   10.0521E+00   70.8289E-03  101.2593E-06
    7.1200E+00   13.3279E+00    9.9964E+00   70.7029E-03  111.0562E-06
    7.1600E+00   13.3284E+00   10.0108E+00   69.0589E-03  153.7957E-06
    7.2000E+00   13.3304E+00   10.0079E+00   64.9960E-03  120.5677E-06
    7.2400E+00   13.3298E+00    9.9628E+00   65.0913E-03   80.9187E-06
    7.2800E+00   13.3300E+00    9.9777E+00   64.2732E-03  155.4902E-06
    7.3200E+00   13.3304E+00   10.0275E+00   62.8005E-03   83.4444E-06
    7.3600E+00   13.3310E+00   10.0254E+00   62.4603E-03  140.1151E-06
    7.4000E+00   13.3307E+00    9.9769E+00   62.3601E-03   92.3895E-06
    7.4400E+00   13.3312E+00    9.9855E+00   62.7174E-03  159.8154E-06
    7.4800E+00   13.3319E+00    9.9666E+00   61.3146E-03  193.8421E-06
    7.5200E+00   13.3322E+00    9.9386E+00   60.5746E-03   86.0331E-06
    7.5600E+00   13.3325E+00   10.0099E+00   58.5679E-03   76.3529E-06
    7.6000E+00   13.3332E+00   10.0816E+00   56.8915E-03   54.9657E-06
    7.6400E+00   13.3330E+00   10.0164E+00   57.5955E-03   56.3233E-06
    7.6800E+00   13.3325E+00    9.9888E+00   58.5986E-03  109.6348E-06
    7.7200E+00   13.3324E+00    9.9547E+00   58.6156E-03   53.7186E-06
    7.7600E+00   13.3321E+00   10.0120E+00   57.9925E-03  121.2661E-06
    7.8000E+00   13.3331E+00    9.9969E+00   55.9187E-03   79.7788E-06
    7.8400E+00   13.3332E+00   10.0204E+00   55.8308E-03  119.6755E-06
    7.8800E+00   13.3331E+00   10.0000E+00   55.4607E-03  113.5790E-06
    7.9200E+00   13.3325E+00    9.9928E+00   56.0613E-03   84.9604E-06
    7.9600E+00   13.3318E+00    9.9957E+00   56.9756E-03  185.2782E-06
    8.0000E+00   13.3321E+00    9.9499E+00   56.4039E-03   48.5064E-06
    8.0400E+00   13.3325E+00    9.9215E+00   55.6194E-03   93.2796E-06
    8.0800E+00   13.3332E+00    9.9743E+00   54.5870E-03   95.0751E-06
    8.1200E+00   13.3329E+00    9.9578E+00   54.4979E-03   80.5673E-06
    8.1600E+00   13.3335E+00   10.0090E+00   52.9753E-03  181.0821E-06
    8.2000E+00   13.3329E+00    9.9805E+00   52.1891E-03   97.0441E-06
    8.2400E+00   13.3333E+00    9.9988E+00   51.2625E-03  128.3147E-06
    8.2800E+00   13.3332E+00    9.9552E+00   50.2287E-03  120.8972E-06
    8.3200E+00   13.3334E+00   10.0108E+00   50.1053E-03  121.6332E-06
    8.3600E+00   13.3336E+00    9.9743E+00   50.3136E-03  151.8520E-06
    8.4000E+00   13.3332E+00   10.0336E+00   50.2492E-03  195.5881E-06
    8.4400E+00   13.3330E+00   10.0025E+00   50.6171E-03  107.8000E-06
    8.4800E+00   13.3331E+00    9.9983E+00   50.7040E-03   79.1032E-06
    8.5200E+00   13.3327E+00   10.0097E+00   49.8297E-03   93.3426E-06
    8.5600E+00   13.3329E+00   10.0405E+00   49.9664E-03  112.2871E-06
    8.6000E+00   13.3328E+00   10.0159E+00   49.8549E-03  147.1067E-06
    8.6400E+00   13.3332E+00    9.9976E+00   49.1775E-03   86.2986E-06
    8.6800E+00   13.3338E+00   10.0236E+00   48.0100E-03   72.1314E-06
    8.7200E+00   13.3337E+00   10.0094E+00   48.5319E-03   97.7788E-06
    8.7600E+00   13.3340E+00    9.9850E+00   46.2621E-03   58.7350E-06
    8.8000E+00   13.3335E+00   10.0125E+00   47.1419E-03   53.6567E-06
    8.8400E+00   13.3340E+00   10.0047E+00   45.7371E-03   99.1875E-06
    8.8800E+00   13.3344E+00    9.9597E+00   45.2937E-03   52.0146E-06
    8.9200E+00   13.3346E+00   10.0224E+00   44.7305E-03  171.1319E-06
    8.9600E+00   13.3338E+00    9.9618E+00   45.7566E-03  164.5888E-06
    9.0000E+00   13.3346E+00    9.9953E+00   45.1555E-03  162.4499E-06
    9.0400E+00   13.3350E+00   10.0291E+00   43.8058E-03  116.1595E-06
    9.0800E+00   13.3358E+00   10.0182E+00   42.7695E-03  169.5664E-06
    9.1200E+00   13.3360E+00    9.9496E+00   42.1622E-03  106.3771E-06
    9.1600E+00   13.3364E+00   10.0027E+00   41.9395E-03  115.1238E-06
    9.2000E+00   13.3358E+00   10.0289E+00   42.6450E-03  168.3289E-06
    9.2400E+00   13.3355E+00   10.0263E+00   42.5856E-03  104.4772E-06
    9.2800E+00   13.3354E+00    9.9760E+00   43.3924E-03   99.3060E-06
    9.3200E+00   13.3351E+00    9.9528E+00   42.4757E-03   62.9932E-06
    9.3600E+00   13.3350E+00    9.9925E+00   43.7173E-03  138.5073E-06
    9.4000E+00   13.3352E+00    9.9975E+00   42.7987E-03  101.2951E-06
    9.4400E+00   13.3354E+00    9.9801E+00   43.2053E-03  146.2330E-06
    9.4800E+00   13.3359E+00   10.0267E+00   41.8846E-03   65.3003E-06
    9.5200E+00   13.3359E+00   10.0171E+00   40.8081E-03  122.3803E-06
    9.5600E+00   13.3363E+00    9.9892E+00   40.2973E-03  131.1683E-06
    9.6000E+00   13.3363E+00    9.9960E+00   41.1562E-03   25.7425E-06
    9.6400E+00   13.3357E+00    9.9566E+00   42.8091E-03  219.1744E-06
    9.6800E+00   13.3364E+00    9.9906E+00   41.6891E-03   98.0178E-06
    9.7200E+00   13.3365E+00   10.0305E+00   39.4511E-03  115.4575E-06
    9.7600E+00   13.3370E+00    9.9643E+00   38.8247E-03   78.0548E-06
    9.8000E+00   13.3362E+00   10.0075E+00   40.6253E-03  143.2932E-06
    9.8400E+00   13.3350E+00   10.0639E+00   43.0700E-03   63.0471E-06
    9.8800E+00   13.3351E+00    9.9790E+00   43.0431E-03   41.6544E-06
    9.9200E+00   13.3348E+00   10.0097E+00   42.1087E-03  164.3835E-06
    9.9600E+00   13.3353E+00   10.0003E+00   40.5753E-03  135.7434E-06
   10.0000E+00   13.3353E+00    9.9845E+00   38.7987E-03   79.3644E-06
   10.0400E+00   13.3358E+00   10.0387E+00   37.8356E-03   52.8743E-06
   10.0800E+00   13.3357E+00   10.0457E+00   36.5330E-03  112.4600E-06
   10.1200E+00   13.3359E+00    9.9375E+00   36.5376E-03    9.2097E-06
   10.1600E+00   13.3360E+00   10.0096E+00   35.8330E-03  100.2256E-06
   10.2000E+00   13.3358E+00   10.0423E+00   37.5141E-03  134.4092E-06
   10.2400E+00   13.3358E+00    9.9703E+00   37.1100E-03  116.1727E-06
   10.2800E+00   13.3362E+00    9.9912E+00   35.8427E-03  116.0955E-06
   10.3200E+00   13.3360E+00    9.9881E+00   35.7671E-03   59.3011E-06
   10.3600E+00   13.3364E+00   10.0783E+00   34.5867E-03  196.4844E-06
   10.4000E+00   13.3361E+00    9.9876E+00   34.8408E-03   89.7621E-06
   10.4400E+00   13.3350E+00   10.0521E+00   35.8746E-03  101.4400E-06
   10.4800E+00   13.3353E+00   10.0635E+00   35.0877E-03  203.2760E-06
   10.5200E+00   13.3353E+00   10.0172E+00   34.0981E-03   68.8490E-06
   10.5600E+00   13.3355E+00    9.9858E+00   33.2500E-03   94.6575E-06
   10.6000E+00   13.3365E+00   10.0407E+00   32.9287E-03   81.6930E-06
   10.6400E+00   13.3370E+00   10.0051E+00   31.8566E-03   69.5184E-06
   10.6800E+00   13.3373E+00   10.0055E+00   30.3938E-03  164.5513E-06
   10.7200E+00   13.3370E+00   10.0446E+00   30.1985E-03  108.6550E-06
   10.7600E+00   13.3365E+00    9.9417E+00   30.1714E-03  122.9187E-06
   10.8000E+00   13.3370E+00    9.9816E+00   30.6546E-03   48.2915E-06
   10.8400E+00   13.3379E+00   10.0093E+00   28.5404E-03   93.0117E-06
   10.8800E+00   13.3371E+00   10.0068E+00   30.2924E-03  117.2211E-06
   10.9200E+00   13.3374E+00   10.0149E+00   29.4947E-03  111.6992E-06
   10.9600E+00   13.3374E+00    9.9869E+00   29.6164E-03  137.6995E-06
   11.0000E+00   13.3375E+00   10.0256E+00   26.9780E-03  115.2856E-06
