    0.0000E+00    1.0997E+00  908.8448E-03    1.1823E+00  240.0331E-21  552.8478E-21
   20.0000E-03    1.0997E+00  908.8448E-03    1.1823E+00  240.0331E-21  552.8478E-21
   40.0000E-03    1.0997E+00  908.8448E-03    1.1823E+00  240.0331E-21  552.8478E-21
   60.0000E-03    1.0997E+00  908.8448E-03    1.1823E+00  240.0331E-21  552.8478E-21
   80.0000E-03    1.0997E+00  908.8448E-03    1.1823E+00  240.0331E-21  552.8478E-21
  100.0000E-03    1.0997E+00  908.8448E-03    1.1823E+00  240.0331E-21  552.8478E-21
  120.0000E-03    1.0997E+00  908.8447E-03    1.1823E+00  240.0331E-21  552.8478E-21
  140.0000E-03    1.0997E+00  908.8447E-03    1.1823E+00  240.0331E-21  552.8478E-21
  160.0000E-03    1.0997E+00  908.8447E-03    1.1823E+00  240.0331E-21  552.8478E-21
  180.0000E-03    1.0997E+00  908.8447E-03    1.1823E+00  240.0331E-21  552.8478E-21
  200.0000E-03    1.0997E+00  908.8448E-03    1.1823E+00  240.0331E-21  552.8478E-21
  220.0000E-03    1.0997E+00  908.8448E-03    1.1823E+00  240.0331E-21  552.8478E-21
  240.0000E-03    1.0997E+00  908.8448E-03    1.1823E+00  240.0331E-21  552.8478E-21
  260.0000E-03    1.0997E+00  908.8448E-03    1.1823E+00  240.0331E-21  552.8478E-21
  280.0000E-03    1.0997E+00  908.8447E-03    1.1823E+00  240.0331E-21  552.8478E-21
  300.0000E-03    1.0997E+00  908.8447E-03    1.1823E+00  240.0331E-21  552.8478E-21
  320.0000E-03    1.0997E+00  908.8447E-03    1.1823E+00  240.0331E-21  552.8478E-21
  340.0000E-03    1.0997E+00  908.8447E-03    1.1823E+00  240.0331E-21  552.8478E-21
  360.0000E-03    1.0997E+00  908.8447E-03    1.1823E+00  240.0331E-21  552.8478E-21
  380.0000E-03    1.0997E+00  908.8447E-03    1.1823E+00  240.0331E-21  552.8478E-21
  400.0000E-03    1.0997E+00  908.8447E-03    1.1823E+00  240.0331E-21  552.8478E-21
  420.0000E-03    1.0997E+00  908.8447E-03    1.1823E+00  240.0331E-21  552.8478E-21
  440.0000E-03    1.0997E+00  908.8448E-03    1.1823E+00  240.0331E-21  552.8478E-21
  460.0000E-03    1.0997E+00  908.8447E-03    1.1823E+00  240.0331E-21  552.8478E-21
  480.0000E-03    1.0997E+00  908.8447E-03    1.1823E+00  240.0331E-21  552.8478E-21
  500.0000E-03    1.0997E+00  908.8447E-03    1.1823E+00  240.0331E-21  552.8478E-21
  520.0000E-03    1.0997E+00  908.8447E-03    1.1823E+00  240.0331E-21  552.8478E-21
  540.0000E-03    1.0997E+00  908.8447E-03    1.1823E+00  240.0331E-21  552.8478E-21
  560.0000E-03    1.0997E+00  908.8448E-03    1.1823E+00  240.0331E-21  552.8478E-21
  580.0000E-03    1.0997E+00  908.8448E-03    1.1823E+00  240.0331E-21  552.8478E-21
  600.0000E-03    1.0997E+00  908.8448E-03    1.1823E+00  240.0331E-21  552.8478E-21
  620.0000E-03    1.0997E+00  908.8448E-03    1.1823E+00  240.0331E-21  552.8478E-21
  640.0000E-03    1.0997E+00  908.8448E-03    1.1823E+00  240.0331E-21  552.8478E-21
  660.0000E-03    1.0997E+00  908.8448E-03    1.1823E+00  240.0331E-21  552.8478E-21
  680.0000E-03    1.0997E+00  908.8448E-03    1.1823E+00  240.0331E-21  552.8478E-21
  700.0000E-03    1.0997E+00  908.8448E-03    1.1823E+00  240.0331E-21  552.8478E-21
  720.0000E-03    1.0997E+00  908.8448E-03    1.1823E+00  240.0331E-21  552.8478E-21
  740.0000E-03    1.0997E+00  908.8448E-03    1.1823E+00  240.0331E-21  552.8478E-21
  760.0000E-03    1.0997E+00  908.8447E-03    1.1823E+00  240.0331E-21  552.8478E-21
  780.0000E-03    1.0997E+00  908.8447E-03    1.1823E+00  240.0331E-21  552.8478E-21
  800.0000E-03    1.0997E+00  908.8448E-03    1.1823E+00  240.0331E-21  552.8478E-21
  820.0000E-03    1.0997E+00  908.8448E-03    1.1823E+00  240.0331E-21  552.8478E-21
  840.0000E-03    1.0997E+00  908.8448E-03    1.1823E+00  240.0331E-21  552.8478E-21
  860.0000E-03    1.0997E+00  908.8448E-03    1.1823E+00  240.0331E-21  552.8478E-21
  880.0000E-03    1.0997E+00  908.8448E-03    1.1823E+00  240.0331E-21  552.8478E-21
  900.0000E-03    1.0997E+00  908.8448E-03    1.1823E+00  240.0331E-21  552.8478E-21
  920.0000E-03    1.0997E+00  908.8448E-03    1.1823E+00  240.0331E-21  552.8478E-21
  940.0000E-03    1.0997E+00  908.8448E-03    1.1823E+00  240.0331E-21  552.8478E-21
  960.0000E-03    1.0997E+00  908.8447E-03    1.1823E+00  240.0331E-21  552.8478E-21
  980.0000E-03    1.0997E+00  908.8447E-03    1.1823E+00  240.0331E-21  552.8478E-21
    1.0000E+00    1.0997E+00  908.8447E-03    1.1823E+00  240.0331E-21  552.8478E-21
    1.0200E+00    1.0997E+00  908.8447E-03    1.1823E+00  240.0331E-21  552.8478E-21
    1.0400E+00    1.0997E+00  908.8447E-03    1.1823E+00  240.0331E-21  552.8478E-21
    1.0600E+00    1.0997E+00  908.8447E-03    1.1823E+00  240.0331E-21  552.8478E-21
    1.0800E+00    1.0997E+00  908.8447E-03    1.1823E+00  240.0331E-21  552.8478E-21
    1.1000E+00    1.0997E+00  908.8447E-03    1.1823E+00  240.0331E-21  552.8478E-21
    1.1200E+00    1.0997E+00  908.8447E-03    1.1823E+00  240.0331E-21  552.8478E-21
    1.1400E+00    1.0997E+00  908.8447E-03    1.1823E+00  240.0331E-21  552.8478E-21
    1.1600E+00    1.0997E+00  908.8447E-03    1.1823E+00  240.0331E-21  552.8478E-21
    1.1800E+00    1.0997E+00  908.8447E-03    1.1823E+00  240.0331E-21  552.8478E-21
    1.2000E+00    1.0997E+00  908.8447E-03    1.1823E+00  240.0331E-21  552.8478E-21
    1.2200E+00    1.0997E+00  908.8447E-03    1.1823E+00  240.0331E-21  552.8478E-21
    1.2400E+00    1.0997E+00  908.8447E-03    1.1823E+00  240.0331E-21  552.8478E-21
    1.2600E+00    1.0997E+00  908.8447E-03    1.1823E+00  240.0331E-21  552.8478E-21
    1.2800E+00    1.0997E+00  908.8447E-03    1.1823E+00  240.0331E-21  552.8478E-21
    1.3000E+00    1.0997E+00  908.8447E-03    1.1823E+00  240.0331E-21  552.8478E-21
    1.3200E+00    1.0997E+00  908.8447E-03    1.1823E+00  240.0331E-21  552.8478E-21
    1.3400E+00    1.0997E+00  908.8447E-03    1.1823E+00  240.0331E-21  552.8478E-21
    1.3600E+00    1.0997E+00  908.8447E-03    1.1823E+00  240.0331E-21  552.8478E-21
    1.3800E+00    1.0997E+00  908.8447E-03    1.1823E+00  240.0331E-21  552.8478E-21
    1.4000E+00    1.0997E+00  908.8447E-03    1.1823E+00  240.0331E-21  552.8478E-21
    1.4200E+00    1.0997E+00  908.8447E-03    1.1823E+00  240.0331E-21  552.8478E-21
    1.4400E+00    1.0997E+00  908.8447E-03    1.1823E+00  240.0331E-21  552.8478E-21
    1.4600E+00    1.0997E+00  908.8447E-03    1.1823E+00  240.0331E-21  552.8478E-21
    1.4800E+00    1.0997E+00  908.8447E-03    1.1823E+00  240.0331E-21  552.8478E-21
    1.5000E+00    1.0997E+00  908.8447E-03    1.1823E+00  240.0331E-21  552.8478E-21
    1.5200E+00    1.0997E+00  908.8447E-03    1.1823E+00  240.0331E-21  552.8478E-21
    1.5400E+00    1.0997E+00  908.8447E-03    1.1823E+00  240.0331E-21  552.8478E-21
    1.5600E+00    1.0997E+00  908.8447E-03    1.1823E+00  240.0331E-21  552.8478E-21
    1.5800E+00    1.0997E+00  908.8447E-03    1.1823E+00  240.0331E-21  552.8478E-21
    1.6000E+00    1.0997E+00  908.8447E-03    1.1823E+00  240.0331E-21  552.8478E-21
    1.6200E+00    1.0997E+00  908.8447E-03    1.1823E+00  240.0331E-21  552.8478E-21
    1.6400E+00    1.0997E+00  908.8447E-03    1.1823E+00  240.0331E-21  552.8478E-21
    1.6600E+00    1.0997E+00  908.8447E-03    1.1823E+00  240.0331E-21  552.8478E-21
    1.6800E+00    1.0997E+00  908.8447E-03    1.1823E+00  240.0331E-21  552.8478E-21
    1.7000E+00    1.0997E+00  908.8447E-03    1.1823E+00  240.0331E-21  552.8478E-21
    1.7200E+00    1.0997E+00  908.8447E-03    1.1823E+00  240.0331E-21  552.8478E-21
    1.7400E+00    1.0997E+00  908.8447E-03    1.1823E+00  240.0331E-21  552.8478E-21
    1.7600E+00    1.0997E+00  908.8447E-03    1.1823E+00  240.0331E-21  552.8478E-21
    1.7800E+00    1.0997E+00  908.8447E-03    1.1823E+00  240.0331E-21  552.8478E-21
    1.8000E+00    1.0997E+00  908.8447E-03    1.1823E+00  240.0331E-21  552.8478E-21
    1.8200E+00    1.0997E+00  908.8447E-03    1.1823E+00  240.0331E-21  552.8478E-21
    1.8400E+00    1.0997E+00  908.8447E-03    1.1823E+00  240.0331E-21  552.8478E-21
    1.8600E+00    1.0997E+00  908.8447E-03    1.1823E+00  240.0331E-21  552.8478E-21
    1.8800E+00    1.0997E+00  908.8447E-03    1.1823E+00  240.0331E-21  552.8478E-21
    1.9000E+00    1.0997E+00  908.8447E-03    1.1823E+00  240.0331E-21  552.8478E-21
    1.9200E+00    1.0997E+00  908.8447E-03    1.1823E+00  240.0331E-21  552.8478E-21
    1.9400E+00    1.0997E+00  908.8447E-03    1.1823E+00  240.0331E-21  552.8478E-21
    1.9600E+00    1.0997E+00  908.8447E-03    1.1823E+00  240.0331E-21  552.8478E-21
    1.9800E+00    1.0997E+00  908.8447E-03    1.1823E+00  240.0331E-21  552.8478E-21
    2.0000E+00    1.0997E+00  908.8448E-03    1.1823E+00  240.0331E-21  552.8478E-21
    2.0200E+00    1.0997E+00  908.8447E-03    1.1823E+00  240.0331E-21  552.8478E-21
    2.0400E+00    1.0997E+00  908.8448E-03    1.1823E+00  240.0331E-21  552.8478E-21
    2.0600E+00    1.0997E+00  908.8448E-03    1.1823E+00  240.0331E-21  552.8478E-21
    2.0800E+00    1.0997E+00  908.8447E-03    1.1823E+00  240.0331E-21  552.8478E-21
    2.1000E+00    1.0997E+00  908.8447E-03    1.1823E+00  240.0331E-21  552.8478E-21
    2.1200E+00    1.0997E+00  908.8447E-03    1.1823E+00  240.0331E-21  552.8478E-21
    2.1400E+00    1.0997E+00  908.8447E-03    1.1823E+00  240.0331E-21  552.8478E-21
    2.1600E+00    1.0997E+00  908.8447E-03    1.1823E+00  240.0331E-21  552.8478E-21
    2.1800E+00    1.0997E+00  908.8447E-03    1.1823E+00  240.0331E-21  552.8478E-21
    2.2000E+00    1.0997E+00  908.8448E-03    1.1823E+00  240.0331E-21  552.8478E-21
    2.2200E+00    1.0997E+00  908.8448E-03    1.1823E+00  240.0331E-21  552.8478E-21
    2.2400E+00    1.0997E+00  908.8447E-03    1.1823E+00  240.0331E-21  552.8478E-21
    2.2600E+00    1.0997E+00  908.8447E-03    1.1823E+00  240.0331E-21  552.8478E-21
    2.2800E+00    1.0997E+00  908.8447E-03    1.1823E+00  240.0331E-21  552.8478E-21
    2.3000E+00    1.0997E+00  908.8447E-03    1.1823E+00  240.0331E-21  552.8478E-21
    2.3200E+00    1.0997E+00  908.8447E-03    1.1823E+00  240.0331E-21  552.8478E-21
    2.3400E+00    1.0997E+00  908.8447E-03    1.1823E+00  240.0331E-21  552.8478E-21
    2.3600E+00    1.0997E+00  908.8448E-03    1.1823E+00  240.0331E-21  552.8478E-21
    2.3800E+00    1.0997E+00  908.8448E-03    1.1823E+00  240.0331E-21  552.8478E-21
    2.4000E+00    1.0997E+00  908.8448E-03    1.1823E+00  240.0331E-21  552.8478E-21
    2.4200E+00    1.0997E+00  908.8448E-03    1.1823E+00  240.0331E-21  552.8478E-21
    2.4400E+00    1.0997E+00  908.8447E-03    1.1823E+00  240.0331E-21  552.8478E-21
    2.4600E+00    1.0997E+00  908.8447E-03    1.1823E+00  240.0331E-21  552.8478E-21
    2.4800E+00    1.0997E+00  908.8447E-03    1.1823E+00  240.0331E-21  552.8478E-21
    2.5000E+00    1.0997E+00  908.8447E-03    1.1823E+00  240.0331E-21  552.8478E-21
    2.5200E+00    1.0997E+00  908.8447E-03    1.1823E+00  240.0331E-21  552.8478E-21
    2.5400E+00    1.0997E+00  908.8448E-03    1.1823E+00  240.0331E-21  552.8478E-21
    2.5600E+00    1.0997E+00  908.8448E-03    1.1823E+00  240.0331E-21  552.8478E-21
    2.5800E+00    1.0997E+00  908.8448E-03    1.1823E+00  240.0331E-21  552.8478E-21
    2.6000E+00    1.0997E+00  908.8448E-03    1.1823E+00  240.0331E-21  552.8478E-21
    2.6200E+00    1.0997E+00  908.8448E-03    1.1823E+00  240.0331E-21  552.8478E-21
    2.6400E+00    1.0997E+00  908.8448E-03    1.1823E+00  240.0331E-21  552.8478E-21
    2.6600E+00    1.0997E+00  908.8448E-03    1.1823E+00  240.0331E-21  552.8478E-21
    2.6800E+00    1.0997E+00  908.8448E-03    1.1823E+00  240.0331E-21  552.8478E-21
    2.7000E+00    1.0997E+00  908.8448E-03    1.1823E+00  240.0331E-21  552.8478E-21
    2.7200E+00    1.0997E+00  908.8448E-03    1.1823E+00  240.0331E-21  552.8478E-21
    2.7400E+00    1.0997E+00  908.8448E-03    1.1823E+00  240.0331E-21  552.8478E-21
    2.7600E+00    1.0997E+00  908.8448E-03    1.1823E+00  240.0331E-21  552.8478E-21
    2.7800E+00    1.0997E+00  908.8448E-03    1.1823E+00  240.0331E-21  552.8478E-21
    2.8000E+00    1.0997E+00  908.8448E-03    1.1823E+00  240.0331E-21  552.8478E-21
    2.8200E+00    1.0997E+00  908.8448E-03    1.1823E+00  240.0331E-21  552.8478E-21
    2.8400E+00    1.0997E+00  908.8448E-03    1.1823E+00  240.0331E-21  552.8478E-21
    2.8600E+00    1.0997E+00  908.8448E-03    1.1823E+00  240.0331E-21  552.8478E-21
    2.8800E+00    1.0997E+00  908.8448E-03    1.1823E+00  240.0331E-21  552.8478E-21
    2.9000E+00    1.0997E+00  908.8448E-03    1.1823E+00  240.0331E-21  552.8478E-21
    2.9200E+00    1.0997E+00  908.8448E-03    1.1823E+00  240.0331E-21  552.8478E-21
    2.9400E+00    1.0997E+00  908.8448E-03    1.1823E+00  240.0331E-21  552.8478E-21
    2.9600E+00    1.0997E+00  908.8448E-03    1.1823E+00  240.0331E-21  552.8478E-21
    2.9800E+00    1.0997E+00  908.8448E-03    1.1823E+00  240.0331E-21  552.8478E-21
    3.0000E+00    1.0997E+00  908.8448E-03    1.1823E+00  240.0331E-21  552.8478E-21
    3.0200E+00    1.0997E+00  908.8448E-03    1.1823E+00  240.0331E-21  552.8478E-21
    3.0400E+00    1.0997E+00  908.8448E-03    1.1823E+00  240.0331E-21  552.8478E-21
    3.0600E+00    1.0997E+00  908.8448E-03    1.1823E+00  240.0331E-21  552.8478E-21
    3.0800E+00    1.0997E+00  908.8448E-03    1.1823E+00  240.0331E-21  552.8478E-21
    3.1000E+00    1.0997E+00  908.8447E-03    1.1823E+00  240.0331E-21  552.8478E-21
    3.1200E+00    1.0997E+00  908.8448E-03    1.1823E+00  240.0331E-21  552.8478E-21
    3.1400E+00    1.0997E+00  908.8448E-03    1.1823E+00  240.0331E-21  552.8478E-21
    3.1600E+00    1.0997E+00  908.8448E-03    1.1823E+00  240.0331E-21  552.8478E-21
    3.1800E+00    1.0997E+00  908.8448E-03    1.1823E+00  240.0331E-21  552.8478E-21
    3.2000E+00    1.0997E+00  908.8448E-03    1.1823E+00  240.0331E-21  552.8478E-21
    3.2200E+00    1.0997E+00  908.8448E-03    1.1823E+00  240.0331E-21  552.8478E-21
    3.2400E+00    1.0997E+00  908.8448E-03    1.1823E+00  240.0331E-21  552.8478E-21
    3.2600E+00    1.0997E+00  908.8448E-03    1.1823E+00  240.0331E-21  552.8478E-21
    3.2800E+00    1.0997E+00  908.8448E-03    1.1823E+00  240.0331E-21  552.8478E-21
    3.3000E+00    1.0997E+00  908.8448E-03    1.1823E+00  240.0331E-21  552.8478E-21
    3.3200E+00    1.0997E+00  908.8448E-03    1.1823E+00  240.0331E-21  552.8478E-21
    3.3400E+00    1.0997E+00  908.8448E-03    1.1823E+00  240.0331E-21  552.8478E-21
    3.3600E+00    1.0997E+00  908.8448E-03    1.1823E+00  240.0331E-21  552.8478E-21
    3.3800E+00    1.0997E+00  908.8448E-03    1.1823E+00  240.0331E-21  552.8478E-21
    3.4000E+00    1.0997E+00  908.8448E-03    1.1823E+00  240.0331E-21  552.8478E-21
    3.4200E+00    1.0997E+00  908.8448E-03    1.1823E+00  240.0331E-21  552.8478E-21
    3.4400E+00    1.0997E+00  908.8448E-03    1.1823E+00  240.0331E-21  552.8478E-21
    3.4600E+00    1.0997E+00  908.8448E-03    1.1823E+00  240.0331E-21  552.8478E-21
    3.4800E+00    1.0997E+00  908.8448E-03    1.1823E+00  240.0331E-21  552.8478E-21
    3.5000E+00    1.0997E+00  908.8448E-03    1.1823E+00  240.0331E-21  552.8478E-21
    3.5200E+00    1.0997E+00  908.8448E-03    1.1823E+00  240.0331E-21  552.8478E-21
    3.5400E+00    1.0997E+00  908.8448E-03    1.1823E+00  240.0331E-21  552.8478E-21
    3.5600E+00    1.0997E+00  908.8448E-03    1.1823E+00  240.0331E-21  552.8478E-21
    3.5800E+00    1.0997E+00  908.8448E-03    1.1823E+00  240.0331E-21  552.8478E-21
    3.6000E+00    1.0997E+00  908.8448E-03    1.1823E+00  240.0331E-21  552.8478E-21
    3.6200E+00    1.0997E+00  908.8448E-03    1.1823E+00  240.0331E-21  552.8478E-21
    3.6400E+00    1.0997E+00  908.8448E-03    1.1823E+00  240.0331E-21  552.8478E-21
    3.6600E+00    1.0997E+00  908.8448E-03    1.1823E+00  240.0331E-21  552.8478E-21
    3.6800E+00    1.0997E+00  908.8448E-03    1.1823E+00  240.0331E-21  552.8478E-21
    3.7000E+00    1.0997E+00  908.8448E-03    1.1823E+00  240.0331E-21  552.8478E-21
    3.7200E+00    1.0997E+00  908.8448E-03    1.1823E+00  240.0331E-21  552.8478E-21
    3.7400E+00    1.0997E+00  908.8448E-03    1.1823E+00  240.0331E-21  552.8478E-21
    3.7600E+00    1.0997E+00  908.8448E-03    1.1823E+00  240.0331E-21  552.8478E-21
    3.7800E+00    1.0997E+00  908.8448E-03    1.1823E+00  240.0331E-21  552.8478E-21
    3.8000E+00    1.0997E+00  908.8448E-03    1.1823E+00  240.0331E-21  552.8478E-21
    3.8200E+00    1.0997E+00  908.8448E-03    1.1823E+00  240.0331E-21  552.8478E-21
    3.8400E+00    1.0997E+00  908.8448E-03    1.1823E+00  240.0331E-21  552.8478E-21
    3.8600E+00    1.0997E+00  908.8448E-03    1.1823E+00  240.0331E-21  552.8478E-21
    3.8800E+00    1.0997E+00  908.8448E-03    1.1823E+00  240.0331E-21  552.8478E-21
    3.9000E+00    1.0997E+00  908.8448E-03    1.1823E+00  240.0331E-21  552.8478E-21
    3.9200E+00    1.0997E+00  908.8448E-03    1.1823E+00  240.0331E-21  552.8478E-21
    3.9400E+00    1.0997E+00  908.8448E-03    1.1823E+00  240.0331E-21  552.8478E-21
    3.9600E+00    1.0997E+00  908.8448E-03    1.1823E+00  240.0331E-21  552.8478E-21
    3.9800E+00    1.0997E+00  908.8448E-03    1.1823E+00  240.0331E-21  552.8478E-21
    4.0000E+00    1.0997E+00  908.8448E-03    1.1823E+00  240.0331E-21  552.8478E-21
    4.0200E+00    1.0997E+00  908.8448E-03    1.1823E+00  240.0331E-21  552.8478E-21
    4.0400E+00    1.0997E+00  908.8448E-03    1.1823E+00  240.0331E-21  552.8478E-21
    4.0600E+00    1.0997E+00  908.8448E-03    1.1823E+00  240.0331E-21  552.8478E-21
    4.0800E+00    1.0997E+00  908.8448E-03    1.1823E+00  240.0331E-21  552.8478E-21
    4.1000E+00    1.0997E+00  908.8448E-03    1.1823E+00  240.0331E-21  552.8478E-21
    4.1200E+00    1.0997E+00  908.8448E-03    1.1823E+00  240.0331E-21  552.8478E-21
    4.1400E+00    1.0997E+00  908.8448E-03    1.1823E+00  240.0331E-21  552.8478E-21
    4.1600E+00    1.0997E+00  908.8448E-03    1.1823E+00  240.0331E-21  552.8478E-21
    4.1800E+00    1.0997E+00  908.8448E-03    1.1823E+00  240.0331E-21  552.8478E-21
    4.2000E+00    1.0997E+00  908.8448E-03    1.1823E+00  240.0331E-21  552.8478E-21
    4.2200E+00    1.0997E+00  908.8448E-03    1.1823E+00  240.0331E-21  552.8478E-21
    4.2400E+00    1.0997E+00  908.8448E-03    1.1823E+00  240.0331E-21  552.8478E-21
    4.2600E+00    1.0997E+00  908.8448E-03    1.1823E+00  240.0331E-21  552.8478E-21
    4.2800E+00    1.0997E+00  908.8448E-03    1.1823E+00  240.0331E-21  552.8478E-21
    4.3000E+00    1.0997E+00  908.8448E-03    1.1823E+00  240.0331E-21  552.8478E-21
    4.3200E+00    1.0997E+00  908.8448E-03    1.1823E+00  240.0331E-21  552.8478E-21
    4.3400E+00    1.0997E+00  908.8448E-03    1.1823E+00  240.0331E-21  552.8478E-21
    4.3600E+00    1.0997E+00  908.8448E-03    1.1823E+00  240.0331E-21  552.8478E-21
    4.3800E+00    1.0997E+00  908.8448E-03    1.1823E+00  240.0331E-21  552.8478E-21
    4.4000E+00    1.0997E+00  908.8448E-03    1.1823E+00  240.0331E-21  552.8478E-21
    4.4200E+00    1.0997E+00  908.8448E-03    1.1823E+00  240.0331E-21  552.8478E-21
    4.4400E+00    1.0997E+00  908.8448E-03    1.1823E+00  240.0331E-21  552.8478E-21
    4.4600E+00    1.0997E+00  908.8448E-03    1.1823E+00  240.0331E-21  552.8478E-21
    4.4800E+00    1.0997E+00  908.8448E-03    1.1823E+00  240.0331E-21  552.8478E-21
    4.5000E+00    1.0997E+00  908.8448E-03    1.1823E+00  240.0331E-21  552.8478E-21
    4.5200E+00    1.0997E+00  908.8448E-03    1.1823E+00  240.0331E-21  552.8478E-21
    4.5400E+00    1.0997E+00  908.8448E-03    1.1823E+00  240.0331E-21  552.8478E-21
    4.5600E+00    1.0997E+00  908.8448E-03    1.1823E+00  240.0331E-21  552.8478E-21
    4.5800E+00    1.0997E+00  908.8448E-03    1.1823E+00  240.0331E-21  552.8478E-21
    4.6000E+00    1.0997E+00  908.8448E-03    1.1823E+00  240.0331E-21  552.8478E-21
    4.6200E+00    1.0997E+00  908.8448E-03    1.1823E+00  240.0331E-21  552.8478E-21
    4.6400E+00    1.0997E+00  908.8448E-03    1.1823E+00  240.0331E-21  552.8478E-21
    4.6600E+00    1.0997E+00  908.8448E-03    1.1823E+00  240.0331E-21  552.8478E-21
    4.6800E+00    1.0997E+00  908.8448E-03    1.1823E+00  240.0331E-21  552.8478E-21
    4.7000E+00    1.0997E+00  908.8448E-03    1.1823E+00  240.0331E-21  552.8478E-21
    4.7200E+00    1.0997E+00  908.8448E-03    1.1823E+00  240.0331E-21  552.8478E-21
    4.7400E+00    1.0997E+00  908.8448E-03    1.1823E+00  240.0331E-21  552.8478E-21
    4.7600E+00    1.0997E+00  908.8448E-03    1.1823E+00  240.0331E-21  552.8478E-21
    4.7800E+00    1.0997E+00  908.8448E-03    1.1823E+00  240.0331E-21  552.8478E-21
    4.8000E+00    1.0997E+00  908.8448E-03    1.1823E+00  240.0331E-21  552.8478E-21
    4.8200E+00    1.0997E+00  908.8448E-03    1.1823E+00  240.0331E-21  552.8478E-21
    4.8400E+00    1.0997E+00  908.8448E-03    1.1823E+00  240.0331E-21  552.8478E-21
    4.8600E+00    1.0997E+00  908.8448E-03    1.1823E+00  240.0331E-21  552.8478E-21
    4.8800E+00    1.0997E+00  908.8448E-03    1.1823E+00  240.0331E-21  552.8478E-21
    4.9000E+00    1.0997E+00  908.8448E-03    1.1823E+00  240.0331E-21  552.8478E-21
    4.9200E+00    1.0997E+00  908.8448E-03    1.1823E+00  240.0331E-21  552.8478E-21
    4.9400E+00    1.0997E+00  908.8448E-03    1.1823E+00  240.0331E-21  552.8478E-21
    4.9600E+00    1.0997E+00  908.8448E-03    1.1823E+00  240.0331E-21  552.8478E-21
    4.9800E+00    1.0997E+00  908.8448E-03    1.1823E+00  240.0331E-21  552.8478E-21
    5.0000E+00    1.0997E+00  908.8448E-03    1.1823E+00  240.0331E-21  552.8478E-21
    5.0200E+00    1.0997E+00  908.8448E-03    1.1823E+00  240.0331E-21  552.8478E-21
    5.0400E+00    1.0997E+00  908.8448E-03    1.1823E+00  240.0331E-21  552.8478E-21
    5.0600E+00    1.0997E+00  908.8448E-03    1.1823E+00  240.0331E-21  552.8478E-21
    5.0800E+00    1.0997E+00  908.8448E-03    1.1823E+00  240.0331E-21  552.8478E-21
    5.1000E+00    1.0997E+00  908.8448E-03    1.1823E+00  240.0331E-21  552.8478E-21
    5.1200E+00    1.0997E+00  908.8448E-03    1.1823E+00  240.0331E-21  552.8478E-21
    5.1400E+00    1.0997E+00  908.8448E-03    1.1823E+00  240.0331E-21  552.8478E-21
    5.1600E+00    1.0997E+00  908.8448E-03    1.1823E+00  240.0331E-21  552.8478E-21
    5.1800E+00    1.0997E+00  908.8448E-03    1.1823E+00  240.0331E-21  552.8478E-21
    5.2000E+00    1.0997E+00  908.8448E-03    1.1823E+00  240.0331E-21  552.8478E-21
    5.2200E+00    1.0997E+00  908.8448E-03    1.1823E+00  240.0331E-21  552.8478E-21
    5.2400E+00    1.0997E+00  908.8448E-03    1.1823E+00  240.0331E-21  552.8478E-21
    5.2600E+00    1.0997E+00  908.8448E-03    1.1823E+00  240.0331E-21  552.8478E-21
    5.2800E+00    1.0997E+00  908.8448E-03    1.1823E+00  240.0331E-21  552.8478E-21
    5.3000E+00    1.0997E+00  908.8448E-03    1.1823E+00  240.0331E-21  552.8478E-21
    5.3200E+00    1.0997E+00  908.8448E-03    1.1823E+00  240.0331E-21  552.8478E-21
    5.3400E+00    1.0997E+00  908.8448E-03    1.1823E+00  240.0331E-21  552.8478E-21
    5.3600E+00    1.0997E+00  908.8448E-03    1.1823E+00  240.0331E-21  552.8478E-21
    5.3800E+00    1.0997E+00  908.8448E-03    1.1823E+00  240.0331E-21  552.8478E-21
    5.4000E+00    1.0997E+00  908.8448E-03    1.1823E+00  240.0331E-21  552.8478E-21
    5.4200E+00    1.0997E+00  908.8448E-03    1.1823E+00  240.0331E-21  552.8478E-21
    5.4400E+00    1.0997E+00  908.8448E-03    1.1823E+00  240.0331E-21  552.8478E-21
    5.4600E+00    1.0997E+00  908.8448E-03    1.1823E+00  240.0331E-21  552.8478E-21
    5.4800E+00    1.0997E+00  908.8448E-03    1.1823E+00  240.0331E-21  552.8478E-21
    5.5000E+00    1.0997E+00  908.8448E-03    1.1823E+00  240.0331E-21  552.8478E-21
    5.5200E+00    1.0997E+00  908.8448E-03    1.1823E+00  240.0331E-21  552.8478E-21
    5.5400E+00    1.0997E+00  908.8448E-03    1.1823E+00  240.0331E-21  552.8478E-21
    5.5600E+00    1.0997E+00  908.8448E-03    1.1823E+00  240.0331E-21  552.8478E-21
    5.5800E+00    1.0997E+00  908.8448E-03    1.1823E+00  240.0331E-21  552.8478E-21
    5.6000E+00    1.0997E+00  908.8448E-03    1.1823E+00  240.0331E-21  552.8478E-21
    5.6200E+00    1.0997E+00  908.8448E-03    1.1823E+00  240.0331E-21  552.8478E-21
    5.6400E+00    1.0997E+00  908.8448E-03    1.1823E+00  240.0331E-21  552.8478E-21
    5.6600E+00    1.0997E+00  908.8448E-03    1.1823E+00  240.0331E-21  552.8478E-21
    5.6800E+00    1.0997E+00  908.8448E-03    1.1823E+00  240.0331E-21  552.8478E-21
    5.7000E+00    1.0997E+00  908.8448E-03    1.1823E+00  240.0331E-21  552.8478E-21
    5.7200E+00    1.0997E+00  908.8448E-03    1.1823E+00  240.0331E-21  552.8478E-21
    5.7400E+00    1.0997E+00  908.8448E-03    1.1823E+00  240.0331E-21  552.8478E-21
    5.7600E+00    1.0997E+00  908.8448E-03    1.1823E+00  240.0331E-21  552.8478E-21
    5.7800E+00    1.0997E+00  908.8448E-03    1.1823E+00  240.0331E-21  552.8478E-21
    5.8000E+00    1.0997E+00  908.8448E-03    1.1823E+00  240.0331E-21  552.8478E-21
    5.8200E+00    1.0997E+00  908.8448E-03    1.1823E+00  240.0331E-21  552.8478E-21
    5.8400E+00    1.0997E+00  908.8448E-03    1.1823E+00  240.0331E-21  552.8478E-21
    5.8600E+00    1.0997E+00  908.8448E-03    1.1823E+00  240.0331E-21  552.8478E-21
    5.8800E+00    1.0997E+00  908.8448E-03    1.1823E+00  240.0331E-21  552.8478E-21
    5.9000E+00    1.0997E+00  908.8448E-03    1.1823E+00  240.0331E-21  552.8478E-21
    5.9200E+00    1.0997E+00  908.8448E-03    1.1823E+00  240.0331E-21  552.8478E-21
    5.9400E+00    1.0997E+00  908.8448E-03    1.1823E+00  240.0331E-21  552.8478E-21
    5.9600E+00    1.0997E+00  908.8448E-03    1.1823E+00  240.0331E-21  552.8478E-21
    5.9800E+00    1.0997E+00  908.8448E-03    1.1823E+00  240.0331E-21  552.8478E-21
    6.0000E+00    1.0997E+00  908.8448E-03    1.1823E+00  240.0331E-21  552.8478E-21
    6.0200E+00    1.0997E+00  908.8448E-03    1.1823E+00  240.0331E-21  552.8478E-21
    6.0400E+00    1.0997E+00  908.8448E-03    1.1823E+00  240.0331E-21  552.8478E-21
    6.0600E+00    1.0997E+00  908.8448E-03    1.1823E+00  240.0331E-21  552.8478E-21
    6.0800E+00    1.0997E+00  908.8448E-03    1.1823E+00  240.0331E-21  552.8478E-21
    6.1000E+00    1.0997E+00  908.8448E-03    1.1823E+00  240.0331E-21  552.8478E-21
    6.1200E+00    1.0997E+00  908.8448E-03    1.1823E+00  240.0331E-21  552.8478E-21
    6.1400E+00    1.0997E+00  908.8448E-03    1.1823E+00  240.0331E-21  552.8478E-21
    6.1600E+00    1.0997E+00  908.8448E-03    1.1823E+00  240.0331E-21  552.8478E-21
    6.1800E+00    1.0997E+00  908.8448E-03    1.1823E+00  240.0331E-21  552.8478E-21
    6.2000E+00    1.0997E+00  908.8448E-03    1.1823E+00  240.0331E-21  552.8478E-21
    6.2200E+00    1.0997E+00  908.8448E-03    1.1823E+00  240.0331E-21  552.8478E-21
    6.2400E+00    1.0997E+00  908.8448E-03    1.1823E+00  240.0331E-21  552.8478E-21
    6.2600E+00    1.0997E+00  908.8448E-03    1.1823E+00  240.0331E-21  552.8478E-21
    6.2800E+00    1.0997E+00  908.8448E-03    1.1823E+00  240.0331E-21  552.8478E-21
    6.3000E+00    1.0997E+00  908.8448E-03    1.1823E+00  240.0331E-21  552.8478E-21
    6.3200E+00    1.0997E+00  908.8448E-03    1.1823E+00  240.0331E-21  552.8478E-21
    6.3400E+00    1.0997E+00  908.8448E-03    1.1823E+00  240.0331E-21  552.8478E-21
    6.3600E+00    1.0997E+00  908.8448E-03    1.1823E+00  240.0331E-21  552.8478E-21
    6.3800E+00    1.0997E+00  908.8448E-03    1.1823E+00  240.0331E-21  552.8478E-21
    6.4000E+00    1.0997E+00  908.8448E-03    1.1823E+00  240.0331E-21  552.8478E-21
    6.4200E+00    1.0997E+00  908.8448E-03    1.1823E+00  240.0331E-21  552.8478E-21
    6.4400E+00    1.0997E+00  908.8448E-03    1.1823E+00  240.0331E-21  552.8478E-21
    6.4600E+00    1.0997E+00  908.8448E-03    1.1823E+00  240.0331E-21  552.8478E-21
    6.4800E+00    1.0997E+00  908.8448E-03    1.1823E+00  240.0331E-21  552.8478E-21
    6.5000E+00    1.0997E+00  908.8448E-03    1.1823E+00  240.0331E-21  552.8478E-21
    6.5200E+00    1.0997E+00  908.8448E-03    1.1823E+00  240.0331E-21  552.8478E-21
    6.5400E+00    1.0997E+00  908.8448E-03    1.1823E+00  240.0331E-21  552.8478E-21
    6.5600E+00    1.0997E+00  908.8448E-03    1.1823E+00  240.0331E-21  552.8478E-21
    6.5800E+00    1.0997E+00  908.8448E-03    1.1823E+00  240.0331E-21  552.8478E-21
    6.6000E+00    1.0997E+00  908.8448E-03    1.1823E+00  240.0331E-21  552.8478E-21
    6.6200E+00    1.0997E+00  908.8448E-03    1.1823E+00  240.0331E-21  552.8478E-21
    6.6400E+00    1.0997E+00  908.8448E-03    1.1823E+00  240.0331E-21  552.8478E-21
    6.6600E+00    1.0997E+00  908.8448E-03    1.1823E+00  240.0331E-21  552.8478E-21
    6.6800E+00    1.0997E+00  908.8448E-03    1.1823E+00  240.0331E-21  552.8478E-21
    6.7000E+00    1.0997E+00  908.8448E-03    1.1823E+00  240.0331E-21  552.8478E-21
    6.7200E+00    1.0997E+00  908.8448E-03    1.1823E+00  240.0331E-21  552.8478E-21
    6.7400E+00    1.0997E+00  908.8448E-03    1.1823E+00  240.0331E-21  552.8478E-21
    6.7600E+00    1.0997E+00  908.8448E-03    1.1823E+00  240.0331E-21  552.8478E-21
    6.7800E+00    1.0997E+00  908.8448E-03    1.1823E+00  240.0331E-21  552.8478E-21
    6.8000E+00    1.0997E+00  908.8448E-03    1.1823E+00  240.0331E-21  552.8478E-21
    6.8200E+00    1.0997E+00  908.8448E-03    1.1823E+00  240.0331E-21  552.8478E-21
    6.8400E+00    1.0997E+00  908.8448E-03    1.1823E+00  240.0331E-21  552.8478E-21
    6.8600E+00    1.0997E+00  908.8448E-03    1.1823E+00  240.0331E-21  552.8478E-21
    6.8800E+00    1.0997E+00  908.8448E-03    1.1823E+00  240.0331E-21  552.8478E-21
    6.9000E+00    1.0997E+00  908.8448E-03    1.1823E+00  240.0331E-21  552.8478E-21
    6.9200E+00    1.0997E+00  908.8448E-03    1.1823E+00  240.0331E-21  552.8478E-21
    6.9400E+00    1.0997E+00  908.8448E-03    1.1823E+00  240.0331E-21  552.8478E-21
    6.9600E+00    1.0997E+00  908.8448E-03    1.1823E+00  240.0331E-21  552.8478E-21
    6.9800E+00    1.0997E+00  908.8448E-03    1.1823E+00  240.0331E-21  552.8478E-21
    7.0000E+00    1.0997E+00  908.8448E-03    1.1823E+00  240.0331E-21  552.8478E-21
    7.0200E+00    1.0997E+00  908.8448E-03    1.1823E+00  240.0331E-21  552.8478E-21
    7.0400E+00    1.0997E+00  908.8448E-03    1.1823E+00  240.0331E-21  552.8478E-21
    7.0600E+00    1.0997E+00  908.8448E-03    1.1823E+00  240.0331E-21  552.8478E-21
    7.0800E+00    1.0997E+00  908.8448E-03    1.1823E+00  240.0331E-21  552.8478E-21
    7.1000E+00    1.0997E+00  908.8448E-03    1.1823E+00  240.0331E-21  552.8478E-21
    7.1200E+00    1.0997E+00  908.8448E-03    1.1823E+00  240.0331E-21  552.8478E-21
    7.1400E+00    1.0997E+00  908.8448E-03    1.1823E+00  240.0331E-21  552.8478E-21
    7.1600E+00    1.0997E+00  908.8448E-03    1.1823E+00  240.0331E-21  552.8478E-21
    7.1800E+00    1.0997E+00  908.8448E-03    1.1823E+00  240.0331E-21  552.8478E-21
    7.2000E+00    1.0997E+00  908.8448E-03    1.1823E+00  240.0331E-21  552.8478E-21
    7.2200E+00    1.0997E+00  908.8448E-03    1.1823E+00  240.0331E-21  552.8478E-21
    7.2400E+00    1.0997E+00  908.8448E-03    1.1823E+00  240.0331E-21  552.8478E-21
    7.2600E+00    1.0997E+00  908.8448E-03    1.1823E+00  240.0331E-21  552.8478E-21
    7.2800E+00    1.0997E+00  908.8448E-03    1.1823E+00  240.0331E-21  552.8478E-21
    7.3000E+00    1.0997E+00  908.8448E-03    1.1823E+00  240.0331E-21  552.8478E-21
    7.3200E+00    1.0997E+00  908.8448E-03    1.1823E+00  240.0331E-21  552.8478E-21
    7.3400E+00    1.0997E+00  908.8448E-03    1.1823E+00  240.0331E-21  552.8478E-21
    7.3600E+00    1.0997E+00  908.8448E-03    1.1823E+00  240.0331E-21  552.8478E-21
    7.3800E+00    1.0997E+00  908.8448E-03    1.1823E+00  240.0331E-21  552.8478E-21
    7.4000E+00    1.0997E+00  908.8448E-03    1.1823E+00  240.0331E-21  552.8478E-21
    7.4200E+00    1.0997E+00  908.8448E-03    1.1823E+00  240.0331E-21  552.8478E-21
    7.4400E+00    1.0997E+00  908.8448E-03    1.1823E+00  240.0331E-21  552.8478E-21
    7.4600E+00    1.0997E+00  908.8448E-03    1.1823E+00  240.0331E-21  552.8478E-21
    7.4800E+00    1.0997E+00  908.8448E-03    1.1823E+00  240.0331E-21  552.8478E-21
    7.5000E+00    1.0997E+00  908.8448E-03    1.1823E+00  240.0331E-21  552.8478E-21
    7.5200E+00    1.0997E+00  908.8448E-03    1.1823E+00  240.0331E-21  552.8478E-21
    7.5400E+00    1.0997E+00  908.8448E-03    1.1823E+00  240.0331E-21  552.8478E-21
    7.5600E+00    1.0997E+00  908.8448E-03    1.1823E+00  240.0331E-21  552.8478E-21
    7.5800E+00    1.0997E+00  908.8448E-03    1.1823E+00  240.0331E-21  552.8478E-21
    7.6000E+00    1.0997E+00  908.8448E-03    1.1823E+00  240.0331E-21  552.8478E-21
    7.6200E+00    1.0997E+00  908.8448E-03    1.1823E+00  240.0331E-21  552.8478E-21
    7.6400E+00    1.0997E+00  908.8448E-03    1.1823E+00  240.0331E-21  552.8478E-21
    7.6600E+00    1.0997E+00  908.8448E-03    1.1823E+00  240.0331E-21  552.8478E-21
    7.6800E+00    1.0997E+00  908.8448E-03    1.1823E+00  240.0331E-21  552.8478E-21
    7.7000E+00    1.0997E+00  908.8448E-03    1.1823E+00  240.0331E-21  552.8478E-21
    7.7200E+00    1.0997E+00  908.8448E-03    1.1823E+00  240.0331E-21  552.8478E-21
    7.7400E+00    1.0997E+00  908.8448E-03    1.1823E+00  240.0331E-21  552.8478E-21
    7.7600E+00    1.0997E+00  908.8448E-03    1.1823E+00  240.0331E-21  552.8478E-21
    7.7800E+00    1.0997E+00  908.8448E-03    1.1823E+00  240.0331E-21  552.8478E-21
    7.8000E+00    1.0997E+00  908.8448E-03    1.1823E+00  240.0331E-21  552.8478E-21
    7.8200E+00    1.0997E+00  908.8448E-03    1.1823E+00  240.0331E-21  552.8478E-21
    7.8400E+00    1.0997E+00  908.8448E-03    1.1823E+00  240.0331E-21  552.8478E-21
    7.8600E+00    1.0997E+00  908.8448E-03    1.1823E+00  240.0331E-21  552.8478E-21
    7.8800E+00    1.0997E+00  908.8448E-03    1.1823E+00  240.0331E-21  552.8478E-21
    7.9000E+00    1.0997E+00  908.8448E-03    1.1823E+00  240.0331E-21  552.8478E-21
    7.9200E+00    1.0997E+00  908.8448E-03    1.1823E+00  240.0331E-21  552.8478E-21
    7.9400E+00    1.0997E+00  908.8448E-03    1.1823E+00  240.0331E-21  552.8478E-21
    7.9600E+00    1.0997E+00  908.8448E-03    1.1823E+00  240.0331E-21  552.8478E-21
    7.9800E+00    1.0997E+00  908.8448E-03    1.1823E+00  240.0331E-21  552.8478E-21
    8.0000E+00    1.0997E+00  908.8448E-03    1.1823E+00  240.0331E-21  552.8478E-21
    8.0200E+00    1.0997E+00  908.8448E-03    1.1823E+00  240.0331E-21  552.8478E-21
    8.0400E+00    1.0997E+00  908.8448E-03    1.1823E+00  240.0331E-21  552.8478E-21
    8.0600E+00    1.0997E+00  908.8448E-03    1.1823E+00  240.0331E-21  552.8478E-21
    8.0800E+00    1.0997E+00  908.8448E-03    1.1823E+00  240.0331E-21  552.8478E-21
    8.1000E+00    1.0997E+00  908.8448E-03    1.1823E+00  240.0331E-21  552.8478E-21
    8.1200E+00    1.0997E+00  908.8448E-03    1.1823E+00  240.0331E-21  552.8478E-21
    8.1400E+00    1.0997E+00  908.8448E-03    1.1823E+00  240.0331E-21  552.8478E-21
    8.1600E+00    1.0997E+00  908.8448E-03    1.1823E+00  240.0331E-21  552.8478E-21
    8.1800E+00    1.0997E+00  908.8448E-03    1.1823E+00  240.0331E-21  552.8478E-21
    8.2000E+00    1.0997E+00  908.8448E-03    1.1823E+00  240.0331E-21  552.8478E-21
    8.2200E+00    1.0997E+00  908.8448E-03    1.1823E+00  240.0331E-21  552.8478E-21
    8.2400E+00    1.0997E+00  908.8448E-03    1.1823E+00  240.0331E-21  552.8478E-21
    8.2600E+00    1.0997E+00  908.8448E-03    1.1823E+00  240.0331E-21  552.8478E-21
    8.2800E+00    1.0997E+00  908.8448E-03    1.1823E+00  240.0331E-21  552.8478E-21
    8.3000E+00    1.0997E+00  908.8448E-03    1.1823E+00  240.0331E-21  552.8478E-21
    8.3200E+00    1.0997E+00  908.8448E-03    1.1823E+00  240.0331E-21  552.8478E-21
    8.3400E+00    1.0997E+00  908.8448E-03    1.1823E+00  240.0331E-21  552.8478E-21
    8.3600E+00    1.0997E+00  908.8448E-03    1.1823E+00  240.0331E-21  552.8478E-21
    8.3800E+00    1.0997E+00  908.8448E-03    1.1823E+00  240.0331E-21  552.8478E-21
    8.4000E+00    1.0997E+00  908.8448E-03    1.1823E+00  240.0331E-21  552.8478E-21
    8.4200E+00    1.0997E+00  908.8448E-03    1.1823E+00  240.0331E-21  552.8478E-21
    8.4400E+00    1.0997E+00  908.8448E-03    1.1823E+00  240.0331E-21  552.8478E-21
    8.4600E+00    1.0997E+00  908.8448E-03    1.1823E+00  240.0331E-21  552.8478E-21
    8.4800E+00    1.0997E+00  908.8448E-03    1.1823E+00  240.0331E-21  552.8478E-21
    8.5000E+00    1.0997E+00  908.8448E-03    1.1823E+00  240.0331E-21  552.8478E-21
    8.5200E+00    1.0997E+00  908.8448E-03    1.1823E+00  240.0331E-21  552.8478E-21
    8.5400E+00    1.0997E+00  908.8448E-03    1.1823E+00  240.0331E-21  552.8478E-21
    8.5600E+00    1.0997E+00  908.8448E-03    1.1823E+00  240.0331E-21  552.8478E-21
    8.5800E+00    1.0997E+00  908.8448E-03    1.1823E+00  240.0331E-21  552.8478E-21
    8.6000E+00    1.0997E+00  908.8448E-03    1.1823E+00  240.0331E-21  552.8478E-21
    8.6200E+00    1.0997E+00  908.8448E-03    1.1823E+00  240.0331E-21  552.8478E-21
    8.6400E+00    1.0997E+00  908.8448E-03    1.1823E+00  240.0331E-21  552.8478E-21
    8.6600E+00    1.0997E+00  908.8448E-03    1.1823E+00  240.0331E-21  552.8478E-21
    8.6800E+00    1.0997E+00  908.8448E-03    1.1823E+00  240.0331E-21  552.8478E-21
    8.7000E+00    1.0997E+00  908.8448E-03    1.1823E+00  240.0331E-21  552.8478E-21
    8.7200E+00    1.0997E+00  908.8448E-03    1.1823E+00  240.0331E-21  552.8478E-21
    8.7400E+00    1.0997E+00  908.8448E-03    1.1823E+00  240.0331E-21  552.8478E-21
    8.7600E+00    1.0997E+00  908.8448E-03    1.1823E+00  240.0331E-21  552.8478E-21
    8.7800E+00    1.0997E+00  908.8448E-03    1.1823E+00  240.0331E-21  552.8478E-21
    8.8000E+00    1.0997E+00  908.8448E-03    1.1823E+00  240.0331E-21  552.8478E-21
    8.8200E+00    1.0997E+00  908.8448E-03    1.1823E+00  240.0331E-21  552.8478E-21
    8.8400E+00    1.0997E+00  908.8448E-03    1.1823E+00  240.0331E-21  552.8478E-21
    8.8600E+00    1.0997E+00  908.8448E-03    1.1823E+00  240.0331E-21  552.8478E-21
    8.8800E+00    1.0997E+00  908.8448E-03    1.1823E+00  240.0331E-21  552.8478E-21
    8.9000E+00    1.0997E+00  908.8448E-03    1.1823E+00  240.0331E-21  552.8478E-21
    8.9200E+00    1.0997E+00  908.8448E-03    1.1823E+00  240.0331E-21  552.8478E-21
    8.9400E+00    1.0997E+00  908.8448E-03    1.1823E+00  240.0331E-21  552.8478E-21
    8.9600E+00    1.0997E+00  908.8448E-03    1.1823E+00  240.0331E-21  552.8478E-21
    8.9800E+00    1.0997E+00  908.8448E-03    1.1823E+00  240.0331E-21  552.8478E-21
    9.0000E+00    1.0997E+00  908.8448E-03    1.1823E+00  240.0331E-21  552.8478E-21
    9.0200E+00    1.0997E+00  908.8448E-03    1.1823E+00  240.0331E-21  552.8478E-21
    9.0400E+00    1.0997E+00  908.8448E-03    1.1823E+00  240.0331E-21  552.8478E-21
    9.0600E+00    1.0997E+00  908.8448E-03    1.1823E+00  240.0331E-21  552.8478E-21
    9.0800E+00    1.0997E+00  908.8448E-03    1.1823E+00  240.0331E-21  552.8478E-21
    9.1000E+00    1.0997E+00  908.8448E-03    1.1823E+00  240.0331E-21  552.8478E-21
    9.1200E+00    1.0997E+00  908.8448E-03    1.1823E+00  240.0331E-21  552.8478E-21
    9.1400E+00    1.0997E+00  908.8448E-03    1.1823E+00  240.0331E-21  552.8478E-21
    9.1600E+00    1.0997E+00  908.8448E-03    1.1823E+00  240.0331E-21  552.8478E-21
    9.1800E+00    1.0997E+00  908.8448E-03    1.1823E+00  240.0331E-21  552.8478E-21
    9.2000E+00    1.0997E+00  908.8448E-03    1.1823E+00  240.0331E-21  552.8478E-21
    9.2200E+00    1.0997E+00  908.8448E-03    1.1823E+00  240.0331E-21  552.8478E-21
    9.2400E+00    1.0997E+00  908.8448E-03    1.1823E+00  240.0331E-21  552.8478E-21
    9.2600E+00    1.0997E+00  908.8448E-03    1.1823E+00  240.0331E-21  552.8478E-21
    9.2800E+00    1.0997E+00  908.8448E-03    1.1823E+00  240.0331E-21  552.8478E-21
    9.3000E+00    1.0997E+00  908.8448E-03    1.1823E+00  240.0331E-21  552.8478E-21
    9.3200E+00    1.0997E+00  908.8448E-03    1.1823E+00  240.0331E-21  552.8478E-21
    9.3400E+00    1.0997E+00  908.8448E-03    1.1823E+00  240.0331E-21  552.8478E-21
    9.3600E+00    1.0997E+00  908.8448E-03    1.1823E+00  240.0331E-21  552.8478E-21
    9.3800E+00    1.0997E+00  908.8448E-03    1.1823E+00  240.0331E-21  552.8478E-21
    9.4000E+00    1.0997E+00  908.8448E-03    1.1823E+00  240.0331E-21  552.8478E-21
    9.4200E+00    1.0997E+00  908.8448E-03    1.1823E+00  240.0331E-21  552.8478E-21
    9.4400E+00    1.0997E+00  908.8448E-03    1.1823E+00  240.0331E-21  552.8478E-21
    9.4600E+00    1.0997E+00  908.8448E-03    1.1823E+00  240.0331E-21  552.8478E-21
    9.4800E+00    1.0997E+00  908.8448E-03    1.1823E+00  240.0331E-21  552.8478E-21
    9.5000E+00    1.0997E+00  908.8448E-03    1.1823E+00  240.0331E-21  552.8478E-21
    9.5200E+00    1.0997E+00  908.8448E-03    1.1823E+00  240.0331E-21  552.8478E-21
    9.5400E+00    1.0997E+00  908.8448E-03    1.1823E+00  240.0331E-21  552.8478E-21
    9.5600E+00    1.0997E+00  908.8448E-03    1.1823E+00  240.0331E-21  552.8478E-21
    9.5800E+00    1.0997E+00  908.8448E-03    1.1823E+00  240.0331E-21  552.8478E-21
    9.6000E+00    1.0997E+00  908.8448E-03    1.1823E+00  240.0331E-21  552.8478E-21
    9.6200E+00    1.0997E+00  908.8448E-03    1.1823E+00  240.0331E-21  552.8478E-21
    9.6400E+00    1.0997E+00  908.8448E-03    1.1823E+00  240.0331E-21  552.8478E-21
    9.6600E+00    1.0997E+00  908.8448E-03    1.1823E+00  240.0331E-21  552.8478E-21
    9.6800E+00    1.0997E+00  908.8448E-03    1.1823E+00  240.0331E-21  552.8478E-21
    9.7000E+00    1.0997E+00  908.8448E-03    1.1823E+00  240.0331E-21  552.8478E-21
    9.7200E+00    1.0997E+00  908.8448E-03    1.1823E+00  240.0331E-21  552.8478E-21
    9.7400E+00    1.0997E+00  908.8448E-03    1.1823E+00  240.0331E-21  552.8478E-21
    9.7600E+00    1.0997E+00  908.8448E-03    1.1823E+00  240.0331E-21  552.8478E-21
    9.7800E+00    1.0997E+00  908.8448E-03    1.1823E+00  240.0331E-21  552.8478E-21
    9.8000E+00    1.0997E+00  908.8448E-03    1.1823E+00  240.0331E-21  552.8478E-21
    9.8200E+00    1.0997E+00  908.8448E-03    1.1823E+00  240.0331E-21  552.8478E-21
    9.8400E+00    1.0997E+00  908.8448E-03    1.1823E+00  240.0331E-21  552.8478E-21
    9.8600E+00    1.0997E+00  908.8448E-03    1.1823E+00  240.0331E-21  552.8478E-21
    9.8800E+00    1.0997E+00  908.8448E-03    1.1823E+00  240.0331E-21  552.8478E-21
    9.9000E+00    1.0997E+00  908.8448E-03    1.1823E+00  240.0331E-21  552.8478E-21
    9.9200E+00    1.0997E+00  908.8448E-03    1.1823E+00  240.0331E-21  552.8478E-21
    9.9400E+00    1.0997E+00  908.8448E-03    1.1823E+00  240.0331E-21  552.8478E-21
    9.9600E+00    1.0997E+00  908.8448E-03    1.1823E+00  240.0331E-21  552.8478E-21
    9.9800E+00    1.0997E+00  908.8448E-03    1.1823E+00  240.0331E-21  552.8478E-21
   10.0000E+00    1.0997E+00  908.8448E-03    1.1823E+00  240.0331E-21  552.8478E-21
   10.0200E+00    1.0997E+00  908.8448E-03    1.1823E+00  240.0331E-21  552.8478E-21
   10.0400E+00    1.0997E+00  908.8448E-03    1.1823E+00  240.0331E-21  552.8478E-21
   10.0600E+00    1.0997E+00  908.8448E-03    1.1823E+00  240.0331E-21  552.8478E-21
   10.0800E+00    1.0997E+00  908.8448E-03    1.1823E+00  240.0331E-21  552.8478E-21
   10.1000E+00    1.0997E+00  908.8448E-03    1.1823E+00  240.0331E-21  552.8478E-21
   10.1200E+00    1.0997E+00  908.8448E-03    1.1823E+00  240.0331E-21  552.8478E-21
   10.1400E+00    1.0997E+00  908.8448E-03    1.1823E+00  240.0331E-21  552.8478E-21
   10.1600E+00    1.0997E+00  908.8448E-03    1.1823E+00  240.0331E-21  552.8478E-21
   10.1800E+00    1.0997E+00  908.8448E-03    1.1823E+00  240.0331E-21  552.8478E-21
   10.2000E+00    1.0997E+00  908.8448E-03    1.1823E+00  240.0331E-21  552.8478E-21
   10.2200E+00    1.0997E+00  908.8448E-03    1.1823E+00  240.0331E-21  552.8478E-21
   10.2400E+00    1.0997E+00  908.8448E-03    1.1823E+00  240.0331E-21  552.8478E-21
   10.2600E+00    1.0997E+00  908.8448E-03    1.1823E+00  240.0331E-21  552.8478E-21
   10.2800E+00    1.0997E+00  908.8448E-03    1.1823E+00  240.0331E-21  552.8478E-21
   10.3000E+00    1.0997E+00  908.8448E-03    1.1823E+00  240.0331E-21  552.8478E-21
   10.3200E+00    1.0997E+00  908.8448E-03    1.1823E+00  240.0331E-21  552.8478E-21
   10.3400E+00    1.0997E+00  908.8448E-03    1.1823E+00  240.0331E-21  552.8478E-21
   10.3600E+00    1.0997E+00  908.8448E-03    1.1823E+00  240.0331E-21  552.8478E-21
   10.3800E+00    1.0997E+00  908.8448E-03    1.1823E+00  240.0331E-21  552.8478E-21
   10.4000E+00    1.0997E+00  908.8448E-03    1.1823E+00  240.0331E-21  552.8478E-21
   10.4200E+00    1.0997E+00  908.8448E-03    1.1823E+00  240.0331E-21  552.8478E-21
   10.4400E+00    1.0997E+00  908.8448E-03    1.1823E+00  240.0331E-21  552.8478E-21
   10.4600E+00    1.0997E+00  908.8448E-03    1.1823E+00  240.0331E-21  552.8478E-21
   10.4800E+00    1.0997E+00  908.8448E-03    1.1823E+00  240.0331E-21  552.8478E-21
   10.5000E+00    1.0997E+00  908.8448E-03    1.1823E+00  240.0331E-21  552.8478E-21
   10.5200E+00    1.0997E+00  908.8448E-03    1.1823E+00  240.0331E-21  552.8478E-21
   10.5400E+00    1.0997E+00  908.8448E-03    1.1823E+00  240.0331E-21  552.8478E-21
   10.5600E+00    1.0997E+00  908.8448E-03    1.1823E+00  240.0331E-21  552.8478E-21
   10.5800E+00    1.0997E+00  908.8448E-03    1.1823E+00  240.0331E-21  552.8478E-21
   10.6000E+00    1.0997E+00  908.8448E-03    1.1823E+00  240.0331E-21  552.8478E-21
   10.6200E+00    1.0997E+00  908.8448E-03    1.1823E+00  240.0331E-21  552.8478E-21
   10.6400E+00    1.0997E+00  908.8448E-03    1.1823E+00  240.0331E-21  552.8478E-21
   10.6600E+00    1.0997E+00  908.8448E-03    1.1823E+00  240.0331E-21  552.8478E-21
   10.6800E+00    1.0997E+00  908.8448E-03    1.1823E+00  240.0331E-21  552.8478E-21
   10.7000E+00    1.0997E+00  908.8448E-03    1.1823E+00  240.0331E-21  552.8478E-21
   10.7200E+00    1.0997E+00  908.8448E-03    1.1823E+00  240.0331E-21  552.8478E-21
   10.7400E+00    1.0997E+00  908.8448E-03    1.1823E+00  240.0331E-21  552.8478E-21
   10.7600E+00    1.0997E+00  908.8448E-03    1.1823E+00  240.0331E-21  552.8478E-21
   10.7800E+00    1.0997E+00  908.8448E-03    1.1823E+00  240.0331E-21  552.8478E-21
   10.8000E+00    1.0997E+00  908.8448E-03    1.1823E+00  240.0331E-21  552.8478E-21
   10.8200E+00    1.0997E+00  908.8448E-03    1.1823E+00  240.0331E-21  552.8478E-21
   10.8400E+00    1.0997E+00  908.8448E-03    1.1823E+00  240.0331E-21  552.8478E-21
   10.8600E+00    1.0997E+00  908.8448E-03    1.1823E+00  240.0331E-21  552.8478E-21
   10.8800E+00    1.0997E+00  908.8448E-03    1.1823E+00  240.0331E-21  552.8478E-21
   10.9000E+00    1.0997E+00  908.8448E-03    1.1823E+00  240.0331E-21  552.8478E-21
   10.9200E+00    1.0997E+00  908.8448E-03    1.1823E+00  240.0331E-21  552.8478E-21
   10.9400E+00    1.0997E+00  908.8448E-03    1.1823E+00  240.0331E-21  552.8478E-21
   10.9600E+00    1.0997E+00  908.8448E-03    1.1823E+00  240.0331E-21  552.8478E-21
   10.9800E+00    1.0997E+00  908.8448E-03    1.1823E+00  240.0331E-21  552.8478E-21
   11.0000E+00    1.0997E+00  908.8448E-03    1.1823E+00  240.0331E-21  552.8478E-21
   11.0200E+00    1.0997E+00  908.8448E-03    1.1823E+00  240.0331E-21  552.8478E-21
   11.0400E+00    1.0997E+00  908.8448E-03    1.1823E+00  240.0331E-21  552.8478E-21
   11.0600E+00    1.0997E+00  908.8448E-03    1.1823E+00  240.0331E-21  552.8478E-21
   11.0800E+00    1.0997E+00  908.8448E-03    1.1823E+00  240.0331E-21  552.8478E-21
   11.1000E+00    1.0997E+00  908.8448E-03    1.1823E+00  240.0331E-21  552.8478E-21
   11.1200E+00    1.0997E+00  908.8448E-03    1.1823E+00  240.0331E-21  552.8478E-21
   11.1400E+00    1.0997E+00  908.8448E-03    1.1823E+00  240.0331E-21  552.8478E-21
   11.1600E+00    1.0997E+00  908.8448E-03    1.1823E+00  240.0331E-21  552.8478E-21
   11.1800E+00    1.0997E+00  908.8448E-03    1.1823E+00  240.0331E-21  552.8478E-21
   11.2000E+00    1.0997E+00  908.8448E-03    1.1823E+00  240.0331E-21  552.8478E-21
   11.2200E+00    1.0997E+00  908.8448E-03    1.1823E+00  240.0331E-21  552.8478E-21
   11.2400E+00    1.0997E+00  908.8448E-03    1.1823E+00  240.0331E-21  552.8478E-21
   11.2600E+00    1.0997E+00  908.8448E-03    1.1823E+00  240.0331E-21  552.8478E-21
   11.2800E+00    1.0997E+00  908.8448E-03    1.1823E+00  240.0331E-21  552.8478E-21
   11.3000E+00    1.0997E+00  908.8448E-03    1.1823E+00  240.0331E-21  552.8478E-21
   11.3200E+00    1.0997E+00  908.8448E-03    1.1823E+00  240.0331E-21  552.8478E-21
   11.3400E+00    1.0997E+00  908.8448E-03    1.1823E+00  240.0331E-21  552.8478E-21
   11.3600E+00    1.0997E+00  908.8448E-03    1.1823E+00  240.0331E-21  552.8478E-21
   11.3800E+00    1.0997E+00  908.8448E-03    1.1823E+00  240.0331E-21  552.8478E-21
   11.4000E+00    1.0997E+00  908.8448E-03    1.1823E+00  240.0331E-21  552.8478E-21
   11.4200E+00    1.0997E+00  908.8448E-03    1.1823E+00  240.0331E-21  552.8478E-21
   11.4400E+00    1.0997E+00  908.8448E-03    1.1823E+00  240.0331E-21  552.8478E-21
   11.4600E+00    1.0997E+00  908.8448E-03    1.1823E+00  240.0331E-21  552.8478E-21
   11.4800E+00    1.0997E+00  908.8448E-03    1.1823E+00  240.0331E-21  552.8478E-21
   11.5000E+00    1.0997E+00  908.8448E-03    1.1823E+00  240.0331E-21  552.8478E-21
   11.5200E+00    1.0997E+00  908.8448E-03    1.1823E+00  240.0331E-21  552.8478E-21
   11.5400E+00    1.0997E+00  908.8448E-03    1.1823E+00  240.0331E-21  552.8478E-21
   11.5600E+00    1.0997E+00  908.8448E-03    1.1823E+00  240.0331E-21  552.8478E-21
   11.5800E+00    1.0997E+00  908.8448E-03    1.1823E+00  240.0331E-21  552.8478E-21
   11.6000E+00    1.0997E+00  908.8448E-03    1.1823E+00  240.0331E-21  552.8478E-21
   11.6200E+00    1.0997E+00  908.8448E-03    1.1823E+00  240.0331E-21  552.8478E-21
   11.6400E+00    1.0997E+00  908.8448E-03    1.1823E+00  240.0331E-21  552.8478E-21
   11.6600E+00    1.0997E+00  908.8448E-03    1.1823E+00  240.0331E-21  552.8478E-21
   11.6800E+00    1.0997E+00  908.8448E-03    1.1823E+00  240.0331E-21  552.8478E-21
   11.7000E+00    1.0997E+00  908.8448E-03    1.1823E+00  240.0331E-21  552.8478E-21
   11.7200E+00    1.0997E+00  908.8448E-03    1.1823E+00  240.0331E-21  552.8478E-21
   11.7400E+00    1.0997E+00  908.8448E-03    1.1823E+00  240.0331E-21  552.8478E-21
   11.7600E+00    1.0997E+00  908.8448E-03    1.1823E+00  240.0331E-21  552.8478E-21
   11.7800E+00    1.0997E+00  908.8448E-03    1.1823E+00  240.0331E-21  552.8478E-21
   11.8000E+00    1.0997E+00  908.8448E-03    1.1823E+00  240.0331E-21  552.8478E-21
   11.8200E+00    1.0997E+00  908.8448E-03    1.1823E+00  240.0331E-21  552.8478E-21
   11.8400E+00    1.0997E+00  908.8448E-03    1.1823E+00  240.0331E-21  552.8478E-21
   11.8600E+00    1.0997E+00  908.8448E-03    1.1823E+00  240.0331E-21  552.8478E-21
   11.8800E+00    1.0997E+00  908.8448E-03    1.1823E+00  240.0331E-21  552.8478E-21
   11.9000E+00    1.0997E+00  908.8448E-03    1.1823E+00  240.0331E-21  552.8478E-21
   11.9200E+00    1.0997E+00  908.8448E-03    1.1823E+00  240.0331E-21  552.8478E-21
   11.9400E+00    1.0997E+00  908.8448E-03    1.1823E+00  240.0331E-21  552.8478E-21
   11.9600E+00    1.0997E+00  908.8448E-03    1.1823E+00  240.0331E-21  552.8478E-21
   11.9800E+00    1.0997E+00  908.8448E-03    1.1823E+00  240.0331E-21  552.8478E-21
   12.0000E+00    1.0997E+00  908.8448E-03    1.1823E+00  240.0331E-21  552.8478E-21
