    0.0000E+00  932.8660E-03  999.6800E-03  799.2381E-03  240.3218E-21  432.2569E-21
  175.0000E-12  932.8660E-03  999.2713E-03  800.0555E-03  240.1940E-21  432.3847E-21
  350.0000E-12  932.8660E-03  998.8142E-03  800.9696E-03  240.1215E-21  432.4572E-21
  525.0000E-12  932.8660E-03  998.3485E-03  801.9011E-03  239.9992E-21  432.5795E-21
  700.0000E-12  932.8660E-03  997.9541E-03  802.6898E-03  239.8970E-21  432.6816E-21
  875.0000E-12  932.8660E-03  997.3774E-03  803.8433E-03  239.7777E-21  432.8010E-21
    1.0500E-09  932.8660E-03  996.9558E-03  804.6865E-03  239.6554E-21  432.9233E-21
    1.2250E-09  932.8660E-03  996.4928E-03  805.6124E-03  239.5185E-21  433.0601E-21
    1.4000E-09  932.8660E-03  996.1549E-03  806.2883E-03  239.4216E-21  433.1571E-21
    1.5750E-09  932.8660E-03  995.6788E-03  807.2406E-03  239.2936E-21  433.2850E-21
    1.7500E-09  932.8660E-03  995.2681E-03  808.0619E-03  239.1855E-21  433.3932E-21
    1.9250E-09  932.8660E-03  994.7858E-03  809.0265E-03  239.0590E-21  433.5196E-21
    2.1000E-09  932.8660E-03  994.3160E-03  809.9661E-03  238.9586E-21  433.6201E-21
    2.2750E-09  932.8660E-03  993.9624E-03  810.6733E-03  238.9187E-21  433.6600E-21
    2.4500E-09  932.8660E-03  993.5695E-03  811.4590E-03  238.7703E-21  433.8084E-21
    2.6250E-09  932.8660E-03  993.1672E-03  812.2636E-03  238.7155E-21  433.8631E-21
    2.8000E-09  932.8660E-03  992.7163E-03  813.1656E-03  238.6037E-21  433.9750E-21
    2.9750E-09  932.8660E-03  992.3261E-03  813.9458E-03  238.4842E-21  434.0945E-21
    3.1500E-09  932.8660E-03  991.9452E-03  814.7077E-03  238.3906E-21  434.1880E-21
    3.3250E-09  932.8660E-03  991.5675E-03  815.4631E-03  238.2604E-21  434.3182E-21
    3.5000E-09  932.8660E-03  991.1272E-03  816.3437E-03  238.1774E-21  434.4013E-21
    3.6750E-09  932.8660E-03  990.6991E-03  817.2000E-03  238.0726E-21  434.5060E-21
    3.8500E-09  932.8660E-03  990.2906E-03  818.0169E-03  238.0234E-21  434.5553E-21
    4.0250E-09  932.8660E-03  989.9031E-03  818.7918E-03  237.8872E-21  434.6914E-21
    4.2000E-09  932.8660E-03  989.5424E-03  819.5132E-03  237.7660E-21  434.8127E-21
    4.3750E-09  932.8660E-03  989.1872E-03  820.2238E-03  237.6891E-21  434.8896E-21
    4.5500E-09  932.8660E-03  988.8065E-03  820.9851E-03  237.5563E-21  435.0224E-21
    4.7250E-09  932.8660E-03  988.4324E-03  821.7332E-03  237.4136E-21  435.1651E-21
    4.9000E-09  932.8660E-03  988.1144E-03  822.3693E-03  237.3313E-21  435.2474E-21
    5.0750E-09  932.8660E-03  987.6908E-03  823.2165E-03  237.2096E-21  435.3690E-21
    5.2500E-09  932.8660E-03  987.3335E-03  823.9311E-03  237.1377E-21  435.4409E-21
    5.4250E-09  932.8660E-03  987.0068E-03  824.5844E-03  237.0411E-21  435.5375E-21
    5.6000E-09  932.8660E-03  986.6893E-03  825.2195E-03  236.9181E-21  435.6606E-21
    5.7750E-09  932.8660E-03  986.2528E-03  826.0925E-03  236.7917E-21  435.7869E-21
    5.9500E-09  932.8660E-03  985.8977E-03  826.8026E-03  236.6958E-21  435.8829E-21
    6.1250E-09  932.8660E-03  985.5380E-03  827.5221E-03  236.6112E-21  435.9675E-21
    6.3000E-09  932.8660E-03  985.1978E-03  828.2025E-03  236.5432E-21  436.0355E-21
    6.4750E-09  932.8660E-03  984.8852E-03  828.8278E-03  236.4344E-21  436.1443E-21
    6.6500E-09  932.8660E-03  984.4329E-03  829.7323E-03  236.3278E-21  436.2508E-21
    6.8250E-09  932.8660E-03  984.2003E-03  830.1975E-03  236.3058E-21  436.2729E-21
    7.0000E-09  932.8660E-03  983.8473E-03  830.9035E-03  236.2090E-21  436.3696E-21
    7.1750E-09  932.8660E-03  983.5212E-03  831.5556E-03  236.1333E-21  436.4453E-21
    7.3500E-09  932.8660E-03  983.1962E-03  832.2057E-03  236.0608E-21  436.5179E-21
    7.5250E-09  932.8660E-03  982.9843E-03  832.6295E-03  236.0152E-21  436.5634E-21
    7.7000E-09  932.8660E-03  982.6306E-03  833.3369E-03  235.8669E-21  436.7118E-21
    7.8750E-09  932.8660E-03  982.3444E-03  833.9093E-03  235.7804E-21  436.7982E-21
    8.0500E-09  932.8660E-03  982.0753E-03  834.4475E-03  235.6446E-21  436.9341E-21
    8.2250E-09  932.8660E-03  981.7717E-03  835.0546E-03  235.5668E-21  437.0119E-21
    8.4000E-09  932.8660E-03  981.4885E-03  835.6210E-03  235.5115E-21  437.0671E-21
    8.5750E-09  932.8660E-03  981.2101E-03  836.1780E-03  235.4600E-21  437.1186E-21
    8.7500E-09  932.8660E-03  980.8647E-03  836.8686E-03  235.3564E-21  437.2223E-21
    8.9250E-09  932.8660E-03  980.4260E-03  837.7461E-03  235.2874E-21  437.2912E-21
    9.1000E-09  932.8660E-03  980.0759E-03  838.4462E-03  235.1915E-21  437.3872E-21
    9.2750E-09  932.8660E-03  979.7062E-03  839.1857E-03  235.1768E-21  437.4018E-21
    9.4500E-09  932.8660E-03  979.5096E-03  839.5789E-03  235.1628E-21  437.4158E-21
    9.6250E-09  932.8660E-03  979.2548E-03  840.0884E-03  235.0997E-21  437.4789E-21
    9.8000E-09  932.8660E-03  979.0197E-03  840.5586E-03  234.9934E-21  437.5853E-21
    9.9750E-09  932.8660E-03  978.6971E-03  841.2039E-03  234.9275E-21  437.6512E-21
   10.1500E-09  932.8660E-03  978.5371E-03  841.5238E-03  234.8568E-21  437.7219E-21
   10.3250E-09  932.8660E-03  978.2483E-03  842.1015E-03  234.8307E-21  437.7479E-21
   10.5000E-09  932.8660E-03  977.9704E-03  842.6572E-03  234.7649E-21  437.8138E-21
   10.6750E-09  932.8660E-03  977.7841E-03  843.0299E-03  234.7021E-21  437.8766E-21
   10.8500E-09  932.8660E-03  977.4448E-03  843.7084E-03  234.5952E-21  437.9835E-21
   11.0250E-09  932.8660E-03  977.0845E-03  844.4290E-03  234.5456E-21  438.0330E-21
   11.2000E-09  932.8660E-03  976.7546E-03  845.0888E-03  234.4573E-21  438.1213E-21
   11.3750E-09  932.8660E-03  976.5162E-03  845.5656E-03  234.3769E-21  438.2018E-21
   11.5500E-09  932.8660E-03  976.1750E-03  846.2480E-03  234.3300E-21  438.2487E-21
   11.7250E-09  932.8660E-03  975.9281E-03  846.7419E-03  234.2477E-21  438.3310E-21
   11.9000E-09  932.8660E-03  975.6358E-03  847.3265E-03  234.1908E-21  438.3878E-21
   12.0750E-09  932.8660E-03  975.3795E-03  847.8390E-03  234.1293E-21  438.4493E-21
   12.2500E-09  932.8660E-03  975.1097E-03  848.3787E-03  234.0092E-21  438.5695E-21
   12.4250E-09  932.8660E-03  974.8139E-03  848.9702E-03  233.8768E-21  438.7018E-21
   12.6000E-09  932.8660E-03  974.5784E-03  849.4413E-03  233.8379E-21  438.7408E-21
   12.7750E-09  932.8660E-03  974.4060E-03  849.7862E-03  233.8402E-21  438.7384E-21
   12.9500E-09  932.8660E-03  974.1974E-03  850.2033E-03  233.7595E-21  438.8192E-21
   13.1250E-09  932.8660E-03  974.0276E-03  850.5429E-03  233.6853E-21  438.8934E-21
   13.3000E-09  932.8660E-03  973.7072E-03  851.1836E-03  233.6388E-21  438.9398E-21
   13.4750E-09  932.8660E-03  973.4580E-03  851.6822E-03  233.5535E-21  439.0251E-21
   13.6500E-09  932.8660E-03  973.2139E-03  852.1702E-03  233.4835E-21  439.0951E-21
   13.8250E-09  932.8660E-03  972.9752E-03  852.6477E-03  233.4708E-21  439.1078E-21
   14.0000E-09  932.8660E-03  972.7965E-03  853.0051E-03  233.4381E-21  439.1406E-21
   14.1750E-09  932.8660E-03  972.5777E-03  853.4427E-03  233.3980E-21  439.1806E-21
   14.3500E-09  932.8660E-03  972.2934E-03  854.0112E-03  233.3112E-21  439.2674E-21
   14.5250E-09  932.8660E-03  972.1126E-03  854.3729E-03  233.2906E-21  439.2880E-21
   14.7000E-09  932.8660E-03  971.9063E-03  854.7855E-03  233.2599E-21  439.3187E-21
   14.8750E-09  932.8660E-03  971.6874E-03  855.2233E-03  233.2723E-21  439.3064E-21
   15.0500E-09  932.8660E-03  971.5590E-03  855.4801E-03  233.2271E-21  439.3516E-21
   15.2250E-09  932.8660E-03  971.2766E-03  856.0449E-03  233.1466E-21  439.4321E-21
   15.4000E-09  932.8660E-03  971.0485E-03  856.5011E-03  233.0922E-21  439.4865E-21
   15.5750E-09  932.8660E-03  970.8556E-03  856.8869E-03  233.0766E-21  439.5021E-21
   15.7500E-09  932.8660E-03  970.6098E-03  857.3784E-03  232.9797E-21  439.5990E-21
   15.9250E-09  932.8660E-03  970.3882E-03  857.8217E-03  232.9141E-21  439.6646E-21
   16.1000E-09  932.8660E-03  970.1456E-03  858.3070E-03  232.8829E-21  439.6957E-21
   16.2750E-09  932.8660E-03  969.9101E-03  858.7780E-03  232.8461E-21  439.7326E-21
   16.4500E-09  932.8660E-03  969.5699E-03  859.4583E-03  232.7732E-21  439.8055E-21
   16.6250E-09  932.8660E-03  969.2748E-03  860.0485E-03  232.7082E-21  439.8705E-21
   16.8000E-09  932.8660E-03  968.9860E-03  860.6262E-03  232.6660E-21  439.9127E-21
   16.9750E-09  932.8660E-03  968.7999E-03  860.9982E-03  232.6119E-21  439.9668E-21
   17.1500E-09  932.8660E-03  968.6009E-03  861.3962E-03  232.5798E-21  439.9989E-21
   17.3250E-09  932.8660E-03  968.3962E-03  861.8057E-03  232.5251E-21  440.0535E-21
   17.5000E-09  932.8660E-03  968.1647E-03  862.2687E-03  232.4320E-21  440.1466E-21
   17.6750E-09  932.8660E-03  967.9907E-03  862.6168E-03  232.4206E-21  440.1580E-21
   17.8500E-09  932.8660E-03  967.8557E-03  862.8866E-03  232.3962E-21  440.1825E-21
   18.0250E-09  932.8660E-03  967.6493E-03  863.2995E-03  232.3527E-21  440.2259E-21
   18.2000E-09  932.8660E-03  967.4354E-03  863.7274E-03  232.2657E-21  440.3129E-21
   18.3750E-09  932.8660E-03  967.2329E-03  864.1323E-03  232.2329E-21  440.3458E-21
   18.5500E-09  932.8660E-03  967.0083E-03  864.5815E-03  232.2262E-21  440.3525E-21
   18.7250E-09  932.8660E-03  966.8516E-03  864.8950E-03  232.1856E-21  440.3931E-21
   18.9000E-09  932.8660E-03  966.5770E-03  865.4441E-03  232.1545E-21  440.4242E-21
   19.0750E-09  932.8660E-03  966.3400E-03  865.9182E-03  232.1514E-21  440.4272E-21
   19.2500E-09  932.8660E-03  966.1306E-03  866.3368E-03  232.0793E-21  440.4993E-21
   19.4250E-09  932.8660E-03  965.9183E-03  866.7614E-03  232.0669E-21  440.5118E-21
   19.6000E-09  932.8660E-03  965.6933E-03  867.2115E-03  232.0010E-21  440.5776E-21
   19.7750E-09  932.8660E-03  965.5020E-03  867.5941E-03  231.9766E-21  440.6020E-21
   19.9500E-09  932.8660E-03  965.3566E-03  867.8849E-03  231.9493E-21  440.6294E-21
   20.1250E-09  932.8660E-03  965.3288E-03  867.9405E-03  232.0059E-21  440.5727E-21
   20.3000E-09  932.8660E-03  965.1237E-03  868.3507E-03  231.9489E-21  440.6297E-21
   20.4750E-09  932.8660E-03  965.0015E-03  868.5950E-03  231.9348E-21  440.6438E-21
   20.6500E-09  932.8660E-03  964.7636E-03  869.0709E-03  231.8774E-21  440.7012E-21
   20.8250E-09  932.8660E-03  964.5773E-03  869.4435E-03  231.8381E-21  440.7405E-21
   21.0000E-09  932.8660E-03  964.3869E-03  869.8243E-03  231.8254E-21  440.7533E-21
   21.1750E-09  932.8660E-03  964.1568E-03  870.2845E-03  231.7905E-21  440.7881E-21
   21.3500E-09  932.8660E-03  963.9339E-03  870.7302E-03  231.6937E-21  440.8850E-21
   21.5250E-09  932.8660E-03  963.8047E-03  870.9887E-03  231.7052E-21  440.8735E-21
   21.7000E-09  932.8660E-03  963.5889E-03  871.4203E-03  231.6398E-21  440.9388E-21
   21.8750E-09  932.8660E-03  963.4202E-03  871.7576E-03  231.6190E-21  440.9596E-21
   22.0500E-09  932.8660E-03  963.2590E-03  872.0801E-03  231.5819E-21  440.9968E-21
   22.2250E-09  932.8660E-03  963.0933E-03  872.4116E-03  231.5605E-21  441.0181E-21
   22.4000E-09  932.8660E-03  962.9718E-03  872.6544E-03  231.5484E-21  441.0302E-21
   22.5750E-09  932.8660E-03  962.7514E-03  873.0954E-03  231.4848E-21  441.0939E-21
   22.7500E-09  932.8660E-03  962.5937E-03  873.4107E-03  231.4311E-21  441.1475E-21
   22.9250E-09  932.8660E-03  962.3781E-03  873.8418E-03  231.3869E-21  441.1917E-21
   23.1000E-09  932.8660E-03  962.1972E-03  874.2037E-03  231.3372E-21  441.2414E-21
   23.2750E-09  932.8660E-03  961.9811E-03  874.6359E-03  231.2618E-21  441.3169E-21
   23.4500E-09  932.8660E-03  961.7601E-03  875.0778E-03  231.1787E-21  441.4000E-21
   23.6250E-09  932.8660E-03  961.5855E-03  875.4271E-03  231.0874E-21  441.4913E-21
   23.8000E-09  932.8660E-03  961.5093E-03  875.5795E-03  231.0857E-21  441.4929E-21
   23.9750E-09  932.8660E-03  961.3986E-03  875.8009E-03  231.0986E-21  441.4801E-21
   24.1500E-09  932.8660E-03  961.1518E-03  876.2945E-03  231.0466E-21  441.5321E-21
   24.3250E-09  932.8660E-03  961.0211E-03  876.5559E-03  231.0212E-21  441.5574E-21
   24.5000E-09  932.8660E-03  960.9456E-03  876.7068E-03  231.0116E-21  441.5670E-21
   24.6750E-09  932.8660E-03  960.6620E-03  877.2740E-03  230.9406E-21  441.6381E-21
   24.8500E-09  932.8660E-03  960.5301E-03  877.5378E-03  230.9394E-21  441.6392E-21
   25.0250E-09  932.8660E-03  960.3824E-03  877.8333E-03  230.9503E-21  441.6283E-21
   25.2000E-09  932.8660E-03  960.2066E-03  878.1849E-03  230.9860E-21  441.5927E-21
   25.3750E-09  932.8660E-03  960.0238E-03  878.5504E-03  230.9671E-21  441.6115E-21
   25.5500E-09  932.8660E-03  959.9497E-03  878.6988E-03  230.9542E-21  441.6244E-21
   25.7250E-09  932.8660E-03  959.8125E-03  878.9731E-03  230.9632E-21  441.6155E-21
   25.9000E-09  932.8660E-03  959.6860E-03  879.2260E-03  230.9433E-21  441.6353E-21
   26.0750E-09  932.8660E-03  959.4205E-03  879.7570E-03  230.8377E-21  441.7409E-21
   26.2500E-09  932.8660E-03  959.2167E-03  880.1647E-03  230.7997E-21  441.7790E-21
   26.4250E-09  932.8660E-03  959.0283E-03  880.5415E-03  230.7370E-21  441.8417E-21
   26.6000E-09  932.8660E-03  958.9070E-03  880.7840E-03  230.7205E-21  441.8581E-21
   26.7750E-09  932.8660E-03  958.7379E-03  881.1223E-03  230.6869E-21  441.8917E-21
   26.9500E-09  932.8660E-03  958.6223E-03  881.3535E-03  230.6388E-21  441.9399E-21
   27.1250E-09  932.8660E-03  958.5667E-03  881.4646E-03  230.6264E-21  441.9522E-21
   27.3000E-09  932.8660E-03  958.4427E-03  881.7127E-03  230.5876E-21  441.9910E-21
   27.4750E-09  932.8660E-03  958.3055E-03  881.9872E-03  230.5602E-21  442.0184E-21
   27.6500E-09  932.8660E-03  958.1376E-03  882.3229E-03  230.5034E-21  442.0753E-21
   27.8250E-09  932.8660E-03  958.0010E-03  882.5962E-03  230.4926E-21  442.0860E-21
   28.0000E-09  932.8660E-03  957.8546E-03  882.8888E-03  230.4257E-21  442.1529E-21
   28.1750E-09  932.8660E-03  957.6675E-03  883.2631E-03  230.3632E-21  442.2155E-21
   28.3500E-09  932.8660E-03  957.5238E-03  883.5505E-03  230.3551E-21  442.2235E-21
   28.5250E-09  932.8660E-03  957.2138E-03  884.1705E-03  230.2743E-21  442.3044E-21
   28.7000E-09  932.8660E-03  956.9003E-03  884.7975E-03  230.2152E-21  442.3634E-21
   28.8750E-09  932.8660E-03  956.8926E-03  884.8129E-03  230.1918E-21  442.3869E-21
   29.0500E-09  932.8660E-03  956.8776E-03  884.8429E-03  230.1733E-21  442.4054E-21
   29.2250E-09  932.8660E-03  956.6998E-03  885.1984E-03  230.1354E-21  442.4433E-21
   29.4000E-09  932.8660E-03  956.5157E-03  885.5666E-03  230.1384E-21  442.4403E-21
   29.5750E-09  932.8660E-03  956.3435E-03  885.9111E-03  230.0240E-21  442.5547E-21
   29.7500E-09  932.8660E-03  956.1544E-03  886.2893E-03  229.9605E-21  442.6181E-21
   29.9250E-09  932.8660E-03  956.0486E-03  886.5009E-03  229.9201E-21  442.6586E-21
   30.1000E-09  932.8660E-03  955.7885E-03  887.0210E-03  229.8899E-21  442.6888E-21
   30.2750E-09  932.8660E-03  955.6215E-03  887.3552E-03  229.8135E-21  442.7652E-21
   30.4500E-09  932.8660E-03  955.3832E-03  887.8316E-03  229.7380E-21  442.8407E-21
   30.6250E-09  932.8660E-03  955.2869E-03  888.0242E-03  229.7343E-21  442.8443E-21
   30.8000E-09  932.8660E-03  955.2606E-03  888.0768E-03  229.6821E-21  442.8966E-21
   30.9750E-09  932.8660E-03  955.1239E-03  888.3504E-03  229.6750E-21  442.9037E-21
   31.1500E-09  932.8660E-03  955.0531E-03  888.4920E-03  229.6835E-21  442.8951E-21
   31.3250E-09  932.8660E-03  954.8778E-03  888.8424E-03  229.6125E-21  442.9661E-21
   31.5000E-09  932.8660E-03  954.7223E-03  889.1535E-03  229.6088E-21  442.9698E-21
   31.6750E-09  932.8660E-03  954.6692E-03  889.2596E-03  229.5759E-21  443.0028E-21
   31.8500E-09  932.8660E-03  954.5941E-03  889.4100E-03  229.5952E-21  442.9834E-21
   32.0250E-09  932.8660E-03  954.4911E-03  889.6159E-03  229.5434E-21  443.0353E-21
   32.2000E-09  932.8660E-03  954.3418E-03  889.9145E-03  229.5102E-21  443.0684E-21
   32.3750E-09  932.8660E-03  954.1940E-03  890.2101E-03  229.4810E-21  443.0977E-21
   32.5500E-09  932.8660E-03  954.0387E-03  890.5207E-03  229.4576E-21  443.1210E-21
   32.7250E-09  932.8660E-03  953.9407E-03  890.7166E-03  229.4328E-21  443.1459E-21
   32.9000E-09  932.8660E-03  953.8153E-03  890.9676E-03  229.4211E-21  443.1576E-21
   33.0750E-09  932.8660E-03  953.6853E-03  891.2275E-03  229.3741E-21  443.2045E-21
   33.2500E-09  932.8660E-03  953.5900E-03  891.4180E-03  229.3628E-21  443.2159E-21
   33.4250E-09  932.8660E-03  953.4471E-03  891.7040E-03  229.2935E-21  443.2852E-21
   33.6000E-09  932.8660E-03  953.3317E-03  891.9346E-03  229.2564E-21  443.3222E-21
   33.7750E-09  932.8660E-03  953.3113E-03  891.9754E-03  229.2151E-21  443.3636E-21
   33.9500E-09  932.8660E-03  953.2252E-03  892.1477E-03  229.1880E-21  443.3906E-21
   34.1250E-09  932.8660E-03  953.0341E-03  892.5298E-03  229.1130E-21  443.4657E-21
   34.3000E-09  932.8660E-03  952.7766E-03  893.0448E-03  229.0550E-21  443.5236E-21
   34.4750E-09  932.8660E-03  952.6113E-03  893.3755E-03  229.0035E-21  443.5751E-21
   34.6500E-09  932.8660E-03  952.4974E-03  893.6033E-03  228.9532E-21  443.6254E-21
   34.8250E-09  932.8660E-03  952.4209E-03  893.7563E-03  228.9552E-21  443.6235E-21
   35.0000E-09  932.8660E-03  952.4141E-03  893.7700E-03  228.9710E-21  443.6076E-21
   35.1750E-09  932.8660E-03  952.3050E-03  893.9882E-03  228.9157E-21  443.6629E-21
   35.3500E-09  932.8660E-03  952.1589E-03  894.2803E-03  228.8592E-21  443.7194E-21
   35.5250E-09  932.8660E-03  952.1385E-03  894.3211E-03  228.8216E-21  443.7570E-21
   35.7000E-09  932.8660E-03  952.1252E-03  894.3476E-03  228.7751E-21  443.8036E-21
   35.8750E-09  932.8660E-03  951.8738E-03  894.8504E-03  228.7054E-21  443.8733E-21
   36.0500E-09  932.8660E-03  951.6806E-03  895.2370E-03  228.6468E-21  443.9319E-21
   36.2250E-09  932.8660E-03  951.6888E-03  895.2205E-03  228.6842E-21  443.8944E-21
   36.4000E-09  932.8660E-03  951.5488E-03  895.5004E-03  228.6945E-21  443.8842E-21
   36.5750E-09  932.8660E-03  951.4794E-03  895.6393E-03  228.6790E-21  443.8997E-21
   36.7500E-09  932.8660E-03  951.4207E-03  895.7567E-03  228.6318E-21  443.9469E-21
   36.9250E-09  932.8660E-03  951.3679E-03  895.8622E-03  228.6390E-21  443.9397E-21
   37.1000E-09  932.8660E-03  951.2748E-03  896.0484E-03  228.5755E-21  444.0032E-21
   37.2750E-09  932.8660E-03  951.2026E-03  896.1929E-03  228.5594E-21  444.0193E-21
   37.4500E-09  932.8660E-03  951.0963E-03  896.4056E-03  228.5479E-21  444.0308E-21
   37.6250E-09  932.8660E-03  950.9884E-03  896.6213E-03  228.4928E-21  444.0859E-21
   37.8000E-09  932.8660E-03  950.8158E-03  896.9664E-03  228.4664E-21  444.1123E-21
   37.9750E-09  932.8660E-03  950.8226E-03  896.9529E-03  228.4835E-21  444.0952E-21
   38.1500E-09  932.8660E-03  950.6434E-03  897.3113E-03  228.4464E-21  444.1323E-21
   38.3250E-09  932.8660E-03  950.5932E-03  897.4117E-03  228.4257E-21  444.1529E-21
   38.5000E-09  932.8660E-03  950.5473E-03  897.5034E-03  228.4324E-21  444.1462E-21
   38.6750E-09  932.8660E-03  950.3276E-03  897.9428E-03  228.3584E-21  444.2203E-21
   38.8500E-09  932.8660E-03  950.1642E-03  898.2696E-03  228.3259E-21  444.2528E-21
   39.0250E-09  932.8660E-03  949.9472E-03  898.7037E-03  228.2110E-21  444.3676E-21
   39.2000E-09  932.8660E-03  949.8214E-03  898.9553E-03  228.1629E-21  444.4157E-21
   39.3750E-09  932.8660E-03  949.6643E-03  899.2694E-03  228.1039E-21  444.4747E-21
   39.5500E-09  932.8660E-03  949.6031E-03  899.3920E-03  228.0469E-21  444.5318E-21
   39.7250E-09  932.8660E-03  949.4647E-03  899.6687E-03  228.0010E-21  444.5776E-21
   39.9000E-09  932.8660E-03  949.4187E-03  899.7607E-03  227.9837E-21  444.5950E-21
   40.0750E-09  932.8660E-03  949.3195E-03  899.9591E-03  227.9709E-21  444.6077E-21
   40.2500E-09  932.8660E-03  949.2471E-03  900.1038E-03  227.9632E-21  444.6154E-21
   40.4250E-09  932.8660E-03  949.0194E-03  900.5593E-03  227.9076E-21  444.6711E-21
   40.6000E-09  932.8660E-03  948.9179E-03  900.7622E-03  227.9047E-21  444.6740E-21
   40.7750E-09  932.8660E-03  948.7636E-03  901.0710E-03  227.8536E-21  444.7251E-21
   40.9500E-09  932.8660E-03  948.6385E-03  901.3211E-03  227.8400E-21  444.7387E-21
   41.1250E-09  932.8660E-03  948.5105E-03  901.5771E-03  227.8012E-21  444.7774E-21
   41.3000E-09  932.8660E-03  948.4913E-03  901.6154E-03  227.7899E-21  444.7888E-21
   41.4750E-09  932.8660E-03  948.3731E-03  901.8519E-03  227.7738E-21  444.8049E-21
   41.6500E-09  932.8660E-03  948.2149E-03  902.1682E-03  227.7638E-21  444.8149E-21
   41.8250E-09  932.8660E-03  948.1713E-03  902.2555E-03  227.7318E-21  444.8469E-21
   42.0000E-09  932.8660E-03  948.1026E-03  902.3928E-03  227.7207E-21  444.8579E-21
   42.1750E-09  932.8660E-03  948.1046E-03  902.3889E-03  227.6842E-21  444.8944E-21
   42.3500E-09  932.8660E-03  948.2022E-03  902.1938E-03  227.7098E-21  444.8688E-21
   42.5250E-09  932.8660E-03  948.0435E-03  902.5110E-03  227.6675E-21  444.9112E-21
   42.7000E-09  932.8660E-03  947.9758E-03  902.6465E-03  227.6407E-21  444.9379E-21
   42.8750E-09  932.8660E-03  947.9555E-03  902.6870E-03  227.6266E-21  444.9521E-21
   43.0500E-09  932.8660E-03  947.8398E-03  902.9185E-03  227.5689E-21  445.0098E-21
   43.2250E-09  932.8660E-03  947.7490E-03  903.1002E-03  227.5338E-21  445.0448E-21
   43.4000E-09  932.8660E-03  947.6304E-03  903.3372E-03  227.4951E-21  445.0835E-21
   43.5750E-09  932.8660E-03  947.4177E-03  903.7626E-03  227.4446E-21  445.1341E-21
   43.7500E-09  932.8660E-03  947.2949E-03  904.0082E-03  227.4528E-21  445.1259E-21
   43.9250E-09  932.8660E-03  947.1518E-03  904.2944E-03  227.3732E-21  445.2055E-21
   44.1000E-09  932.8660E-03  947.0780E-03  904.4421E-03  227.3571E-21  445.2216E-21
   44.2750E-09  932.8660E-03  946.9914E-03  904.6152E-03  227.3463E-21  445.2324E-21
   44.4500E-09  932.8660E-03  946.8905E-03  904.8171E-03  227.3162E-21  445.2624E-21
   44.6250E-09  932.8660E-03  946.8276E-03  904.9428E-03  227.3009E-21  445.2777E-21
   44.8000E-09  932.8660E-03  946.7293E-03  905.1395E-03  227.3316E-21  445.2471E-21
   44.9750E-09  932.8660E-03  946.5204E-03  905.5572E-03  227.2526E-21  445.3260E-21
   45.1500E-09  932.8660E-03  946.3647E-03  905.8687E-03  227.2223E-21  445.3564E-21
   45.3250E-09  932.8660E-03  946.2622E-03  906.0738E-03  227.2418E-21  445.3368E-21
   45.5000E-09  932.8660E-03  946.2232E-03  906.1518E-03  227.2134E-21  445.3652E-21
   45.6750E-09  932.8660E-03  946.1543E-03  906.2894E-03  227.1854E-21  445.3933E-21
   45.8500E-09  932.8660E-03  946.0761E-03  906.4458E-03  227.1432E-21  445.4354E-21
   46.0250E-09  932.8660E-03  945.9949E-03  906.6083E-03  227.1455E-21  445.4331E-21
   46.2000E-09  932.8660E-03  945.8776E-03  906.8428E-03  227.1494E-21  445.4292E-21
   46.3750E-09  932.8660E-03  945.7405E-03  907.1171E-03  227.0998E-21  445.4789E-21
   46.5500E-09  932.8660E-03  945.6704E-03  907.2573E-03  227.0831E-21  445.4956E-21
   46.7250E-09  932.8660E-03  945.5499E-03  907.4983E-03  227.0736E-21  445.5050E-21
   46.9000E-09  932.8660E-03  945.5262E-03  907.5456E-03  227.1298E-21  445.4489E-21
   47.0750E-09  932.8660E-03  945.5168E-03  907.5644E-03  227.1361E-21  445.4426E-21
   47.2500E-09  932.8660E-03  945.5472E-03  907.5038E-03  227.1226E-21  445.4561E-21
   47.4250E-09  932.8660E-03  945.4151E-03  907.7680E-03  227.0987E-21  445.4799E-21
   47.6000E-09  932.8660E-03  945.3821E-03  907.8338E-03  227.0674E-21  445.5113E-21
   47.7750E-09  932.8660E-03  945.2807E-03  908.0367E-03  227.0289E-21  445.5498E-21
   47.9500E-09  932.8660E-03  945.1908E-03  908.2164E-03  226.9791E-21  445.5995E-21
   48.1250E-09  932.8660E-03  945.1000E-03  908.3981E-03  226.9612E-21  445.6174E-21
   48.3000E-09  932.8660E-03  945.1414E-03  908.3152E-03  226.9533E-21  445.6253E-21
   48.4750E-09  932.8660E-03  945.0496E-03  908.4990E-03  226.9075E-21  445.6712E-21
   48.6500E-09  932.8660E-03  944.7994E-03  908.9994E-03  226.9017E-21  445.6770E-21
   48.8250E-09  932.8660E-03  944.6969E-03  909.2043E-03  226.8328E-21  445.7459E-21
   49.0000E-09  932.8660E-03  944.5699E-03  909.4583E-03  226.7716E-21  445.8071E-21
   49.1750E-09  932.8660E-03  944.5653E-03  909.4674E-03  226.8118E-21  445.7669E-21
   49.3500E-09  932.8660E-03  944.4189E-03  909.7603E-03  226.7677E-21  445.8109E-21
   49.5250E-09  932.8660E-03  944.2330E-03  910.1320E-03  226.6882E-21  445.8905E-21
   49.7000E-09  932.8660E-03  944.2698E-03  910.0586E-03  226.6959E-21  445.8828E-21
   49.8750E-09  932.8660E-03  944.0980E-03  910.4020E-03  226.6252E-21  445.9535E-21
   50.0500E-09  932.8660E-03  944.0231E-03  910.5520E-03  226.6202E-21  445.9584E-21
   50.2250E-09  932.8660E-03  944.0121E-03  910.5740E-03  226.6181E-21  445.9606E-21
   50.4000E-09  932.8660E-03  943.9366E-03  910.7248E-03  226.5863E-21  445.9924E-21
   50.5750E-09  932.8660E-03  943.8719E-03  910.8542E-03  226.6137E-21  445.9650E-21
   50.7500E-09  932.8660E-03  943.9204E-03  910.7573E-03  226.6165E-21  445.9622E-21
   50.9250E-09  932.8660E-03  943.9524E-03  910.6932E-03  226.6445E-21  445.9341E-21
   51.1000E-09  932.8660E-03  943.9809E-03  910.6364E-03  226.6909E-21  445.8878E-21
   51.2750E-09  932.8660E-03  943.9828E-03  910.6324E-03  226.6729E-21  445.9057E-21
   51.4500E-09  932.8660E-03  943.9594E-03  910.6794E-03  226.6849E-21  445.8938E-21
   51.6250E-09  932.8660E-03  943.9182E-03  910.7616E-03  226.7318E-21  445.8469E-21
   51.8000E-09  932.8660E-03  943.8320E-03  910.9341E-03  226.6964E-21  445.8823E-21
   51.9750E-09  932.8660E-03  943.6218E-03  911.3544E-03  226.6217E-21  445.9570E-21
   52.1500E-09  932.8660E-03  943.6046E-03  911.3889E-03  226.6054E-21  445.9732E-21
   52.3250E-09  932.8660E-03  943.6089E-03  911.3803E-03  226.5681E-21  446.0105E-21
   52.5000E-09  932.8660E-03  943.5785E-03  911.4412E-03  226.5410E-21  446.0376E-21
   52.6750E-09  932.8660E-03  943.4885E-03  911.6212E-03  226.5450E-21  446.0336E-21
   52.8500E-09  932.8660E-03  943.3221E-03  911.9539E-03  226.5441E-21  446.0346E-21
   53.0250E-09  932.8660E-03  943.1532E-03  912.2917E-03  226.5272E-21  446.0514E-21
   53.2000E-09  932.8660E-03  943.0931E-03  912.4119E-03  226.5009E-21  446.0777E-21
   53.3750E-09  932.8660E-03  943.0223E-03  912.5535E-03  226.4664E-21  446.1123E-21
   53.5500E-09  932.8660E-03  942.9939E-03  912.6102E-03  226.4721E-21  446.1066E-21
   53.7250E-09  932.8660E-03  942.9805E-03  912.6371E-03  226.4096E-21  446.1691E-21
   53.9000E-09  932.8660E-03  943.0426E-03  912.5128E-03  226.4041E-21  446.1746E-21
   54.0750E-09  932.8660E-03  942.9834E-03  912.6312E-03  226.3386E-21  446.2401E-21
   54.2500E-09  932.8660E-03  942.8585E-03  912.8810E-03  226.3163E-21  446.2624E-21
   54.4250E-09  932.8660E-03  942.7324E-03  913.1334E-03  226.2524E-21  446.3262E-21
   54.6000E-09  932.8660E-03  942.6345E-03  913.3292E-03  226.2257E-21  446.3530E-21
   54.7750E-09  932.8660E-03  942.5532E-03  913.4916E-03  226.1846E-21  446.3940E-21
   54.9500E-09  932.8660E-03  942.5280E-03  913.5420E-03  226.1996E-21  446.3790E-21
   55.1250E-09  932.8660E-03  942.5110E-03  913.5761E-03  226.2164E-21  446.3622E-21
   55.3000E-09  932.8660E-03  942.3305E-03  913.9371E-03  226.1567E-21  446.4219E-21
   55.4750E-09  932.8660E-03  942.2315E-03  914.1350E-03  226.1074E-21  446.4713E-21
   55.6500E-09  932.8660E-03  942.1179E-03  914.3622E-03  226.0978E-21  446.4808E-21
   55.8250E-09  932.8660E-03  941.8940E-03  914.8102E-03  226.0420E-21  446.5366E-21
   56.0000E-09  932.8660E-03  941.8379E-03  914.9223E-03  225.9901E-21  446.5886E-21
   56.1750E-09  932.8660E-03  941.7335E-03  915.1312E-03  225.9278E-21  446.6509E-21
   56.3500E-09  932.8660E-03  941.7085E-03  915.1810E-03  225.9559E-21  446.6228E-21
   56.5250E-09  932.8660E-03  941.7537E-03  915.0908E-03  225.9590E-21  446.6197E-21
   56.7000E-09  932.8660E-03  941.8391E-03  914.9199E-03  225.9448E-21  446.6339E-21
   56.8750E-09  932.8660E-03  941.7574E-03  915.0834E-03  225.9216E-21  446.6571E-21
   57.0500E-09  932.8660E-03  941.5657E-03  915.4667E-03  225.8751E-21  446.7036E-21
   57.2250E-09  932.8660E-03  941.5000E-03  915.5981E-03  225.8429E-21  446.7357E-21
   57.4000E-09  932.8660E-03  941.3149E-03  915.9683E-03  225.8249E-21  446.7537E-21
   57.5750E-09  932.8660E-03  941.2474E-03  916.1033E-03  225.8124E-21  446.7663E-21
   57.7500E-09  932.8660E-03  941.2483E-03  916.1016E-03  225.8092E-21  446.7695E-21
   57.9250E-09  932.8660E-03  941.1049E-03  916.3883E-03  225.8182E-21  446.7604E-21
   58.1000E-09  932.8660E-03  941.0889E-03  916.4202E-03  225.8270E-21  446.7517E-21
   58.2750E-09  932.8660E-03  940.9871E-03  916.6239E-03  225.7850E-21  446.7937E-21
   58.4500E-09  932.8660E-03  940.9397E-03  916.7187E-03  225.7396E-21  446.8391E-21
   58.6250E-09  932.8660E-03  941.0014E-03  916.5953E-03  225.7751E-21  446.8036E-21
   58.8000E-09  932.8660E-03  941.0166E-03  916.5649E-03  225.7270E-21  446.8516E-21
   58.9750E-09  932.8660E-03  941.0911E-03  916.4158E-03  225.8047E-21  446.7740E-21
   59.1500E-09  932.8660E-03  940.9481E-03  916.7019E-03  225.7837E-21  446.7950E-21
   59.3250E-09  932.8660E-03  940.9041E-03  916.7899E-03  225.7865E-21  446.7921E-21
   59.5000E-09  932.8660E-03  940.8607E-03  916.8767E-03  225.8030E-21  446.7756E-21
   59.6750E-09  932.8660E-03  940.8039E-03  916.9904E-03  225.7318E-21  446.8469E-21
   59.8500E-09  932.8660E-03  940.6613E-03  917.2754E-03  225.6911E-21  446.8876E-21
   60.0250E-09  932.8660E-03  940.5733E-03  917.4515E-03  225.6608E-21  446.9179E-21
   60.2000E-09  932.8660E-03  940.6244E-03  917.3494E-03  225.6710E-21  446.9077E-21
   60.3750E-09  932.8660E-03  940.6708E-03  917.2564E-03  225.6906E-21  446.8880E-21
   60.5500E-09  932.8660E-03  940.6742E-03  917.2496E-03  225.6836E-21  446.8951E-21
   60.7250E-09  932.8660E-03  940.6941E-03  917.2099E-03  225.6805E-21  446.8981E-21
   60.9000E-09  932.8660E-03  940.7052E-03  917.1877E-03  225.6992E-21  446.8794E-21
   61.0750E-09  932.8660E-03  940.7196E-03  917.1590E-03  225.7366E-21  446.8421E-21
   61.2500E-09  932.8660E-03  940.7356E-03  917.1268E-03  225.7567E-21  446.8219E-21
   61.4250E-09  932.8660E-03  940.7326E-03  917.1330E-03  225.7771E-21  446.8016E-21
   61.6000E-09  932.8660E-03  940.7990E-03  917.0002E-03  225.7872E-21  446.7914E-21
   61.7750E-09  932.8660E-03  940.8135E-03  916.9710E-03  225.8408E-21  446.7379E-21
   61.9500E-09  932.8660E-03  940.7315E-03  917.1350E-03  225.8813E-21  446.6973E-21
   62.1250E-09  932.8660E-03  940.5909E-03  917.4163E-03  225.8662E-21  446.7125E-21
   62.3000E-09  932.8660E-03  940.6157E-03  917.3667E-03  225.8468E-21  446.7319E-21
   62.4750E-09  932.8660E-03  940.6196E-03  917.3589E-03  225.8534E-21  446.7252E-21
   62.6500E-09  932.8660E-03  940.6796E-03  917.2388E-03  225.9161E-21  446.6626E-21
   62.8250E-09  932.8660E-03  940.5697E-03  917.4586E-03  225.9345E-21  446.6441E-21
   63.0000E-09  932.8660E-03  940.5818E-03  917.4345E-03  225.9306E-21  446.6480E-21
   63.1750E-09  932.8660E-03  940.4522E-03  917.6938E-03  225.9238E-21  446.6549E-21
   63.3500E-09  932.8660E-03  940.4924E-03  917.6132E-03  225.9683E-21  446.6104E-21
   63.5250E-09  932.8660E-03  940.3788E-03  917.8405E-03  225.9600E-21  446.6187E-21
   63.7000E-09  932.8660E-03  940.3276E-03  917.9428E-03  225.9494E-21  446.6292E-21
   63.8750E-09  932.8660E-03  940.3970E-03  917.8041E-03  225.9955E-21  446.5832E-21
   64.0500E-09  932.8660E-03  940.3406E-03  917.9168E-03  225.9786E-21  446.6001E-21
   64.2250E-09  932.8660E-03  940.3659E-03  917.8663E-03  225.9620E-21  446.6167E-21
   64.4000E-09  932.8660E-03  940.3106E-03  917.9769E-03  226.0159E-21  446.5628E-21
   64.5750E-09  932.8660E-03  940.2514E-03  918.0952E-03  226.0083E-21  446.5703E-21
   64.7500E-09  932.8660E-03  940.2260E-03  918.1460E-03  226.0118E-21  446.5668E-21
   64.9250E-09  932.8660E-03  940.1592E-03  918.2796E-03  225.9767E-21  446.6019E-21
   65.1000E-09  932.8660E-03  940.0600E-03  918.4781E-03  225.9642E-21  446.6145E-21
   65.2750E-09  932.8660E-03  940.0389E-03  918.5202E-03  225.9680E-21  446.6107E-21
   65.4500E-09  932.8660E-03  939.9252E-03  918.7477E-03  225.9192E-21  446.6595E-21
   65.6250E-09  932.8660E-03  939.8470E-03  918.9041E-03  225.9078E-21  446.6708E-21
   65.8000E-09  932.8660E-03  939.8991E-03  918.7998E-03  225.9023E-21  446.6764E-21
   65.9750E-09  932.8660E-03  939.8886E-03  918.8208E-03  225.9075E-21  446.6711E-21
   66.1500E-09  932.8660E-03  939.8868E-03  918.8246E-03  225.8774E-21  446.7013E-21
   66.3250E-09  932.8660E-03  939.8394E-03  918.9193E-03  225.8486E-21  446.7301E-21
   66.5000E-09  932.8660E-03  939.8437E-03  918.9107E-03  225.8626E-21  446.7161E-21
   66.6750E-09  932.8660E-03  939.7948E-03  919.0085E-03  225.9234E-21  446.6552E-21
   66.8500E-09  932.8660E-03  939.8471E-03  918.9040E-03  225.8924E-21  446.6863E-21
   67.0250E-09  932.8660E-03  939.7361E-03  919.1260E-03  225.8929E-21  446.6858E-21
   67.2000E-09  932.8660E-03  939.6532E-03  919.2918E-03  225.8841E-21  446.6946E-21
   67.3750E-09  932.8660E-03  939.7194E-03  919.1593E-03  225.9290E-21  446.6497E-21
   67.5500E-09  932.8660E-03  939.7244E-03  919.1492E-03  225.9449E-21  446.6338E-21
   67.7250E-09  932.8660E-03  939.6438E-03  919.3105E-03  225.9084E-21  446.6702E-21
   67.9000E-09  932.8660E-03  939.7285E-03  919.1411E-03  225.9560E-21  446.6226E-21
   68.0750E-09  932.8660E-03  939.6946E-03  919.2089E-03  225.9609E-21  446.6178E-21
   68.2500E-09  932.8660E-03  939.5337E-03  919.5307E-03  225.9061E-21  446.6726E-21
   68.4250E-09  932.8660E-03  939.4083E-03  919.7814E-03  225.8593E-21  446.7194E-21
   68.6000E-09  932.8660E-03  939.2453E-03  920.1074E-03  225.8302E-21  446.7484E-21
   68.7750E-09  932.8660E-03  939.2306E-03  920.1370E-03  225.8296E-21  446.7491E-21
   68.9500E-09  932.8660E-03  939.1482E-03  920.3017E-03  225.7847E-21  446.7939E-21
   69.1250E-09  932.8660E-03  939.1268E-03  920.3445E-03  225.8098E-21  446.7688E-21
   69.3000E-09  932.8660E-03  939.0940E-03  920.4101E-03  225.8255E-21  446.7531E-21
   69.4750E-09  932.8660E-03  939.0670E-03  920.4642E-03  225.8275E-21  446.7511E-21
   69.6500E-09  932.8660E-03  939.0180E-03  920.5622E-03  225.7804E-21  446.7982E-21
   69.8250E-09  932.8660E-03  938.9895E-03  920.6191E-03  225.7824E-21  446.7962E-21
   70.0000E-09  932.8660E-03  938.9686E-03  920.6609E-03  225.7330E-21  446.8457E-21
   70.1750E-09  932.8660E-03  938.9606E-03  920.6770E-03  225.7471E-21  446.8316E-21
   70.3500E-09  932.8660E-03  938.9597E-03  920.6786E-03  225.7576E-21  446.8211E-21
   70.5250E-09  932.8660E-03  938.9610E-03  920.6761E-03  225.7532E-21  446.8254E-21
   70.7000E-09  932.8660E-03  938.9167E-03  920.7647E-03  225.7759E-21  446.8027E-21
   70.8750E-09  932.8660E-03  938.8571E-03  920.8839E-03  225.7723E-21  446.8064E-21
   71.0500E-09  932.8660E-03  938.9038E-03  920.7905E-03  225.7533E-21  446.8253E-21
   71.2250E-09  932.8660E-03  938.8863E-03  920.8254E-03  225.7495E-21  446.8291E-21
   71.4000E-09  932.8660E-03  938.8413E-03  920.9155E-03  225.7315E-21  446.8471E-21
   71.5750E-09  932.8660E-03  938.7881E-03  921.0220E-03  225.7308E-21  446.8478E-21
   71.7500E-09  932.8660E-03  938.7623E-03  921.0735E-03  225.7216E-21  446.8570E-21
   71.9250E-09  932.8660E-03  938.7083E-03  921.1816E-03  225.7196E-21  446.8591E-21
   72.1000E-09  932.8660E-03  938.7050E-03  921.1881E-03  225.6800E-21  446.8987E-21
   72.2750E-09  932.8660E-03  938.6581E-03  921.2818E-03  225.6770E-21  446.9016E-21
   72.4500E-09  932.8660E-03  938.5706E-03  921.4570E-03  225.6905E-21  446.8882E-21
   72.6250E-09  932.8660E-03  938.5735E-03  921.4511E-03  225.6716E-21  446.9071E-21
   72.8000E-09  932.8660E-03  938.5830E-03  921.4321E-03  225.6786E-21  446.9001E-21
   72.9750E-09  932.8660E-03  938.6600E-03  921.2781E-03  225.7254E-21  446.8532E-21
   73.1500E-09  932.8660E-03  938.7213E-03  921.1555E-03  225.7431E-21  446.8356E-21
   73.3250E-09  932.8660E-03  938.6884E-03  921.2212E-03  225.7383E-21  446.8403E-21
   73.5000E-09  932.8660E-03  938.5983E-03  921.4016E-03  225.7017E-21  446.8770E-21
   73.6750E-09  932.8660E-03  938.4955E-03  921.6071E-03  225.7054E-21  446.8733E-21
   73.8500E-09  932.8660E-03  938.4340E-03  921.7301E-03  225.6802E-21  446.8984E-21
   74.0250E-09  932.8660E-03  938.4312E-03  921.7356E-03  225.6705E-21  446.9082E-21
   74.2000E-09  932.8660E-03  938.2972E-03  922.0037E-03  225.6793E-21  446.8993E-21
   74.3750E-09  932.8660E-03  938.3059E-03  921.9862E-03  225.6512E-21  446.9275E-21
   74.5500E-09  932.8660E-03  938.2518E-03  922.0945E-03  225.6594E-21  446.9192E-21
   74.7250E-09  932.8660E-03  938.1954E-03  922.2074E-03  225.6422E-21  446.9365E-21
   74.9000E-09  932.8660E-03  938.1918E-03  922.2144E-03  225.6816E-21  446.8971E-21
   75.0750E-09  932.8660E-03  938.0706E-03  922.4569E-03  225.6445E-21  446.9342E-21
   75.2500E-09  932.8660E-03  938.0463E-03  922.5055E-03  225.6277E-21  446.9510E-21
   75.4250E-09  932.8660E-03  938.1609E-03  922.2762E-03  225.6400E-21  446.9387E-21
   75.6000E-09  932.8660E-03  938.2278E-03  922.1424E-03  225.6204E-21  446.9583E-21
   75.7750E-09  932.8660E-03  938.2619E-03  922.0744E-03  225.6139E-21  446.9648E-21
   75.9500E-09  932.8660E-03  938.2655E-03  922.0670E-03  225.6258E-21  446.9529E-21
   76.1250E-09  932.8660E-03  938.2056E-03  922.1869E-03  225.6202E-21  446.9584E-21
   76.3000E-09  932.8660E-03  938.2753E-03  922.0476E-03  225.6721E-21  446.9066E-21
   76.4750E-09  932.8660E-03  938.3645E-03  921.8691E-03  225.6954E-21  446.8832E-21
   76.6500E-09  932.8660E-03  938.2775E-03  922.0432E-03  225.6954E-21  446.8833E-21
   76.8250E-09  932.8660E-03  938.2507E-03  922.0968E-03  225.6973E-21  446.8813E-21
   77.0000E-09  932.8660E-03  938.2765E-03  922.0452E-03  225.7279E-21  446.8507E-21
   77.1750E-09  932.8660E-03  938.2425E-03  922.1131E-03  225.6983E-21  446.8804E-21
   77.3500E-09  932.8660E-03  938.2764E-03  922.0453E-03  225.6938E-21  446.8849E-21
   77.5250E-09  932.8660E-03  938.3432E-03  921.9117E-03  225.6999E-21  446.8787E-21
   77.7000E-09  932.8660E-03  938.2118E-03  922.1745E-03  225.6519E-21  446.9268E-21
   77.8750E-09  932.8660E-03  938.1776E-03  922.2428E-03  225.6442E-21  446.9344E-21
   78.0500E-09  932.8660E-03  938.1978E-03  922.2025E-03  225.6497E-21  446.9289E-21
   78.2250E-09  932.8660E-03  938.1352E-03  922.3278E-03  225.6502E-21  446.9285E-21
   78.4000E-09  932.8660E-03  938.1405E-03  922.3171E-03  225.6222E-21  446.9565E-21
   78.5750E-09  932.8660E-03  938.0569E-03  922.4843E-03  225.6222E-21  446.9564E-21
   78.7500E-09  932.8660E-03  938.0990E-03  922.4001E-03  225.6434E-21  446.9353E-21
   78.9250E-09  932.8660E-03  938.1438E-03  922.3104E-03  225.6400E-21  446.9386E-21
   79.1000E-09  932.8660E-03  938.1221E-03  922.3538E-03  225.6566E-21  446.9220E-21
   79.2750E-09  932.8660E-03  938.1366E-03  922.3249E-03  225.6151E-21  446.9635E-21
   79.4500E-09  932.8660E-03  938.1403E-03  922.3175E-03  225.6326E-21  446.9460E-21
   79.6250E-09  932.8660E-03  938.1807E-03  922.2367E-03  225.5934E-21  446.9852E-21
   79.8000E-09  932.8660E-03  938.1798E-03  922.2385E-03  225.6087E-21  446.9699E-21
   79.9750E-09  932.8660E-03  938.1078E-03  922.3826E-03  225.5563E-21  447.0224E-21
   80.1500E-09  932.8660E-03  938.0449E-03  922.5083E-03  225.5190E-21  447.0596E-21
   80.3250E-09  932.8660E-03  938.0489E-03  922.5002E-03  225.5011E-21  447.0775E-21
   80.5000E-09  932.8660E-03  938.0447E-03  922.5088E-03  225.4490E-21  447.1296E-21
   80.6750E-09  932.8660E-03  938.0365E-03  922.5251E-03  225.4084E-21  447.1702E-21
   80.8500E-09  932.8660E-03  937.9810E-03  922.6361E-03  225.3828E-21  447.1958E-21
   81.0250E-09  932.8660E-03  937.8993E-03  922.7994E-03  225.3625E-21  447.2162E-21
   81.2000E-09  932.8660E-03  937.8371E-03  922.9240E-03  225.3661E-21  447.2125E-21
   81.3750E-09  932.8660E-03  937.7567E-03  923.0847E-03  225.3889E-21  447.1897E-21
   81.5500E-09  932.8660E-03  937.7494E-03  923.0993E-03  225.3683E-21  447.2104E-21
   81.7250E-09  932.8660E-03  937.7589E-03  923.0802E-03  225.3529E-21  447.2258E-21
   81.9000E-09  932.8660E-03  937.7160E-03  923.1661E-03  225.3807E-21  447.1979E-21
   82.0750E-09  932.8660E-03  937.7280E-03  923.1422E-03  225.4021E-21  447.1765E-21
   82.2500E-09  932.8660E-03  937.7191E-03  923.1599E-03  225.4223E-21  447.1564E-21
   82.4250E-09  932.8660E-03  937.6276E-03  923.3429E-03  225.3757E-21  447.2030E-21
   82.6000E-09  932.8660E-03  937.7391E-03  923.1200E-03  225.4224E-21  447.1563E-21
   82.7750E-09  932.8660E-03  937.7659E-03  923.0663E-03  225.4513E-21  447.1273E-21
   82.9500E-09  932.8660E-03  937.7189E-03  923.1603E-03  225.3947E-21  447.1839E-21
   83.1250E-09  932.8660E-03  937.6782E-03  923.2416E-03  225.4018E-21  447.1769E-21
   83.3000E-09  932.8660E-03  937.7664E-03  923.0653E-03  225.4588E-21  447.1199E-21
   83.4750E-09  932.8660E-03  937.8373E-03  922.9234E-03  225.4697E-21  447.1089E-21
   83.6500E-09  932.8660E-03  937.7466E-03  923.1049E-03  225.4101E-21  447.1686E-21
   83.8250E-09  932.8660E-03  937.6911E-03  923.2158E-03  225.3861E-21  447.1926E-21
   84.0000E-09  932.8660E-03  937.6772E-03  923.2438E-03  225.3835E-21  447.1952E-21
   84.1750E-09  932.8660E-03  937.6486E-03  923.3009E-03  225.3859E-21  447.1927E-21
   84.3500E-09  932.8660E-03  937.6839E-03  923.2302E-03  225.3299E-21  447.2488E-21
   84.5250E-09  932.8660E-03  937.6786E-03  923.2409E-03  225.3037E-21  447.2750E-21
   84.7000E-09  932.8660E-03  937.6205E-03  923.3571E-03  225.2945E-21  447.2842E-21
   84.8750E-09  932.8660E-03  937.7000E-03  923.1981E-03  225.3149E-21  447.2637E-21
   85.0500E-09  932.8660E-03  937.6869E-03  923.2244E-03  225.2931E-21  447.2856E-21
   85.2250E-09  932.8660E-03  937.6992E-03  923.1998E-03  225.2699E-21  447.3088E-21
   85.4000E-09  932.8660E-03  937.6778E-03  923.2426E-03  225.3326E-21  447.2461E-21
   85.5750E-09  932.8660E-03  937.7305E-03  923.1372E-03  225.3517E-21  447.2270E-21
   85.7500E-09  932.8660E-03  937.6093E-03  923.3794E-03  225.3447E-21  447.2339E-21
   85.9250E-09  932.8660E-03  937.5823E-03  923.4335E-03  225.3134E-21  447.2653E-21
   86.1000E-09  932.8660E-03  937.6297E-03  923.3387E-03  225.3081E-21  447.2705E-21
   86.2750E-09  932.8660E-03  937.5748E-03  923.4485E-03  225.2767E-21  447.3020E-21
   86.4500E-09  932.8660E-03  937.5468E-03  923.5045E-03  225.2994E-21  447.2792E-21
   86.6250E-09  932.8660E-03  937.5163E-03  923.5656E-03  225.2981E-21  447.2805E-21
   86.8000E-09  932.8660E-03  937.4276E-03  923.7429E-03  225.2950E-21  447.2836E-21
   86.9750E-09  932.8660E-03  937.4968E-03  923.6044E-03  225.3073E-21  447.2713E-21
   87.1500E-09  932.8660E-03  937.3577E-03  923.8827E-03  225.2340E-21  447.3447E-21
   87.3250E-09  932.8660E-03  937.2361E-03  924.1259E-03  225.1929E-21  447.3857E-21
   87.5000E-09  932.8660E-03  937.1850E-03  924.2280E-03  225.1352E-21  447.4435E-21
   87.6750E-09  932.8660E-03  937.0507E-03  924.4966E-03  225.0962E-21  447.4824E-21
   87.8500E-09  932.8660E-03  937.1037E-03  924.3907E-03  225.1368E-21  447.4418E-21
   88.0250E-09  932.8660E-03  936.9870E-03  924.6241E-03  225.1116E-21  447.4671E-21
   88.2000E-09  932.8660E-03  937.0111E-03  924.5758E-03  225.1541E-21  447.4245E-21
   88.3750E-09  932.8660E-03  936.9466E-03  924.7050E-03  225.1456E-21  447.4331E-21
   88.5500E-09  932.8660E-03  936.9770E-03  924.6440E-03  225.1338E-21  447.4448E-21
   88.7250E-09  932.8660E-03  936.8853E-03  924.8275E-03  225.0919E-21  447.4868E-21
   88.9000E-09  932.8660E-03  936.9660E-03  924.6662E-03  225.0944E-21  447.4842E-21
   89.0750E-09  932.8660E-03  936.8816E-03  924.8350E-03  225.1154E-21  447.4632E-21
   89.2500E-09  932.8660E-03  936.8161E-03  924.9659E-03  225.1054E-21  447.4732E-21
   89.4250E-09  932.8660E-03  936.8259E-03  924.9464E-03  225.0864E-21  447.4922E-21
   89.6000E-09  932.8660E-03  936.8537E-03  924.8907E-03  225.0805E-21  447.4981E-21
   89.7750E-09  932.8660E-03  936.9007E-03  924.7967E-03  225.0648E-21  447.5139E-21
   89.9500E-09  932.8660E-03  936.8090E-03  924.9801E-03  225.0482E-21  447.5305E-21
   90.1250E-09  932.8660E-03  936.8340E-03  924.9300E-03  225.0340E-21  447.5447E-21
   90.3000E-09  932.8660E-03  936.8801E-03  924.8379E-03  225.0465E-21  447.5322E-21
   90.4750E-09  932.8660E-03  936.8714E-03  924.8552E-03  225.0565E-21  447.5221E-21
   90.6500E-09  932.8660E-03  936.8754E-03  924.8474E-03  225.1045E-21  447.4741E-21
   90.8250E-09  932.8660E-03  936.8613E-03  924.8755E-03  225.1206E-21  447.4581E-21
   91.0000E-09  932.8660E-03  936.9089E-03  924.7803E-03  225.1291E-21  447.4496E-21
   91.1750E-09  932.8660E-03  936.9286E-03  924.7408E-03  225.1457E-21  447.4330E-21
   91.3500E-09  932.8660E-03  937.1126E-03  924.3728E-03  225.2196E-21  447.3590E-21
   91.5250E-09  932.8660E-03  937.0815E-03  924.4351E-03  225.2208E-21  447.3578E-21
   91.7000E-09  932.8660E-03  937.1341E-03  924.3299E-03  225.1982E-21  447.3804E-21
   91.8750E-09  932.8660E-03  937.1786E-03  924.2409E-03  225.2151E-21  447.3636E-21
   92.0500E-09  932.8660E-03  937.1721E-03  924.2540E-03  225.2008E-21  447.3778E-21
   92.2250E-09  932.8660E-03  937.0845E-03  924.4291E-03  225.1755E-21  447.4031E-21
   92.4000E-09  932.8660E-03  937.1341E-03  924.3298E-03  225.2120E-21  447.3667E-21
   92.5750E-09  932.8660E-03  937.0058E-03  924.5866E-03  225.1350E-21  447.4437E-21
   92.7500E-09  932.8660E-03  936.9398E-03  924.7184E-03  225.0788E-21  447.4998E-21
   92.9250E-09  932.8660E-03  936.8539E-03  924.8904E-03  225.0847E-21  447.4940E-21
   93.1000E-09  932.8660E-03  936.8231E-03  924.9519E-03  225.0505E-21  447.5282E-21
   93.2750E-09  932.8660E-03  936.7758E-03  925.0464E-03  225.0196E-21  447.5591E-21
   93.4500E-09  932.8660E-03  936.7316E-03  925.1349E-03  225.0154E-21  447.5632E-21
   93.6250E-09  932.8660E-03  936.6735E-03  925.2511E-03  225.0147E-21  447.5639E-21
   93.8000E-09  932.8660E-03  936.6099E-03  925.3783E-03  225.0370E-21  447.5417E-21
   93.9750E-09  932.8660E-03  936.5374E-03  925.5233E-03  224.9661E-21  447.6126E-21
   94.1500E-09  932.8660E-03  936.4311E-03  925.7359E-03  224.9013E-21  447.6773E-21
   94.3250E-09  932.8660E-03  936.4114E-03  925.7753E-03  224.8552E-21  447.7235E-21
   94.5000E-09  932.8660E-03  936.4985E-03  925.6011E-03  224.8501E-21  447.7286E-21
   94.6750E-09  932.8660E-03  936.4216E-03  925.7550E-03  224.8527E-21  447.7259E-21
   94.8500E-09  932.8660E-03  936.3820E-03  925.8340E-03  224.8337E-21  447.7450E-21
   95.0250E-09  932.8660E-03  936.3763E-03  925.8454E-03  224.8412E-21  447.7374E-21
   95.2000E-09  932.8660E-03  936.3728E-03  925.8525E-03  224.8460E-21  447.7326E-21
   95.3750E-09  932.8660E-03  936.3590E-03  925.8801E-03  224.8662E-21  447.7124E-21
   95.5500E-09  932.8660E-03  936.2602E-03  926.0777E-03  224.8197E-21  447.7590E-21
   95.7250E-09  932.8660E-03  936.1494E-03  926.2994E-03  224.8169E-21  447.7618E-21
   95.9000E-09  932.8660E-03  936.1229E-03  926.3522E-03  224.8065E-21  447.7721E-21
   96.0750E-09  932.8660E-03  936.1258E-03  926.3465E-03  224.8100E-21  447.7686E-21
   96.2500E-09  932.8660E-03  936.2012E-03  926.1957E-03  224.8466E-21  447.7321E-21
   96.4250E-09  932.8660E-03  936.1550E-03  926.2881E-03  224.7908E-21  447.7879E-21
   96.6000E-09  932.8660E-03  936.1930E-03  926.2121E-03  224.8180E-21  447.7606E-21
   96.7750E-09  932.8660E-03  936.2122E-03  926.1737E-03  224.8505E-21  447.7281E-21
   96.9500E-09  932.8660E-03  936.1349E-03  926.3283E-03  224.8062E-21  447.7724E-21
   97.1250E-09  932.8660E-03  936.1983E-03  926.2015E-03  224.8215E-21  447.7572E-21
   97.3000E-09  932.8660E-03  936.1852E-03  926.2278E-03  224.7949E-21  447.7838E-21
   97.4750E-09  932.8660E-03  936.1030E-03  926.3921E-03  224.8344E-21  447.7442E-21
   97.6500E-09  932.8660E-03  936.1463E-03  926.3054E-03  224.8715E-21  447.7071E-21
   97.8250E-09  932.8660E-03  936.1970E-03  926.2041E-03  224.8804E-21  447.6983E-21
   98.0000E-09  932.8660E-03  936.2077E-03  926.1827E-03  224.8710E-21  447.7077E-21
   98.1750E-09  932.8660E-03  936.1622E-03  926.2737E-03  224.8164E-21  447.7622E-21
   98.3500E-09  932.8660E-03  936.1993E-03  926.1994E-03  224.8272E-21  447.7515E-21
   98.5250E-09  932.8660E-03  936.2233E-03  926.1515E-03  224.8400E-21  447.7386E-21
   98.7000E-09  932.8660E-03  936.1531E-03  926.2918E-03  224.8398E-21  447.7389E-21
   98.8750E-09  932.8660E-03  936.1673E-03  926.2635E-03  224.8150E-21  447.7636E-21
   99.0500E-09  932.8660E-03  936.1115E-03  926.3751E-03  224.7875E-21  447.7911E-21
   99.2250E-09  932.8660E-03  936.1345E-03  926.3291E-03  224.8333E-21  447.7454E-21
   99.4000E-09  932.8660E-03  936.0538E-03  926.4904E-03  224.8054E-21  447.7733E-21
   99.5750E-09  932.8660E-03  935.9057E-03  926.7867E-03  224.7411E-21  447.8376E-21
   99.7500E-09  932.8660E-03  936.0232E-03  926.5517E-03  224.7548E-21  447.8238E-21
   99.9250E-09  932.8660E-03  935.9069E-03  926.7844E-03  224.7152E-21  447.8634E-21
  100.1000E-09  932.8660E-03  935.7629E-03  927.0723E-03  224.6146E-21  447.9640E-21
  100.2750E-09  932.8660E-03  935.8290E-03  926.9400E-03  224.6745E-21  447.9041E-21
  100.4500E-09  932.8660E-03  935.6884E-03  927.2214E-03  224.6316E-21  447.9471E-21
  100.6250E-09  932.8660E-03  935.6016E-03  927.3948E-03  224.6423E-21  447.9364E-21
  100.8000E-09  932.8660E-03  935.4813E-03  927.6355E-03  224.6292E-21  447.9495E-21
  100.9750E-09  932.8660E-03  935.4327E-03  927.7328E-03  224.6420E-21  447.9367E-21
  101.1500E-09  932.8660E-03  935.4857E-03  927.6266E-03  224.6424E-21  447.9363E-21
  101.3250E-09  932.8660E-03  935.3632E-03  927.8717E-03  224.6615E-21  447.9172E-21
  101.5000E-09  932.8660E-03  935.4455E-03  927.7071E-03  224.6434E-21  447.9353E-21
  101.6750E-09  932.8660E-03  935.3475E-03  927.9030E-03  224.6151E-21  447.9636E-21
  101.8500E-09  932.8660E-03  935.4230E-03  927.7521E-03  224.6095E-21  447.9691E-21
  102.0250E-09  932.8660E-03  935.3780E-03  927.8422E-03  224.6213E-21  447.9574E-21
  102.2000E-09  932.8660E-03  935.5076E-03  927.5828E-03  224.6114E-21  447.9672E-21
  102.3750E-09  932.8660E-03  935.4765E-03  927.6451E-03  224.6272E-21  447.9514E-21
  102.5500E-09  932.8660E-03  935.4715E-03  927.6552E-03  224.5936E-21  447.9850E-21
  102.7250E-09  932.8660E-03  935.5143E-03  927.5696E-03  224.6448E-21  447.9339E-21
  102.9000E-09  932.8660E-03  935.5741E-03  927.4500E-03  224.6473E-21  447.9314E-21
  103.0750E-09  932.8660E-03  935.5284E-03  927.5412E-03  224.6167E-21  447.9620E-21
  103.2500E-09  932.8660E-03  935.5574E-03  927.4832E-03  224.6421E-21  447.9365E-21
  103.4250E-09  932.8660E-03  935.6107E-03  927.3767E-03  224.6585E-21  447.9202E-21
  103.6000E-09  932.8660E-03  935.5792E-03  927.4396E-03  224.6454E-21  447.9332E-21
  103.7750E-09  932.8660E-03  935.4628E-03  927.6724E-03  224.6307E-21  447.9479E-21
  103.9500E-09  932.8660E-03  935.4835E-03  927.6311E-03  224.6469E-21  447.9318E-21
  104.1250E-09  932.8660E-03  935.4531E-03  927.6918E-03  224.6372E-21  447.9414E-21
  104.3000E-09  932.8660E-03  935.5218E-03  927.5545E-03  224.7159E-21  447.8628E-21
  104.4750E-09  932.8660E-03  935.4966E-03  927.6049E-03  224.6876E-21  447.8911E-21
  104.6500E-09  932.8660E-03  935.3785E-03  927.8411E-03  224.6610E-21  447.9176E-21
  104.8250E-09  932.8660E-03  935.4355E-03  927.7271E-03  224.6702E-21  447.9085E-21
  105.0000E-09  932.8660E-03  935.5334E-03  927.5313E-03  224.7040E-21  447.8747E-21
  105.1750E-09  932.8660E-03  935.4758E-03  927.6465E-03  224.7492E-21  447.8294E-21
  105.3500E-09  932.8660E-03  935.3594E-03  927.8793E-03  224.7091E-21  447.8696E-21
  105.5250E-09  932.8660E-03  935.3723E-03  927.8534E-03  224.6948E-21  447.8839E-21
  105.7000E-09  932.8660E-03  935.3837E-03  927.8308E-03  224.6820E-21  447.8966E-21
  105.8750E-09  932.8660E-03  935.5107E-03  927.5767E-03  224.7560E-21  447.8226E-21
  106.0500E-09  932.8660E-03  935.4495E-03  927.6990E-03  224.7724E-21  447.8062E-21
  106.2250E-09  932.8660E-03  935.4948E-03  927.6086E-03  224.7887E-21  447.7899E-21
  106.4000E-09  932.8660E-03  935.4810E-03  927.6360E-03  224.7637E-21  447.8150E-21
  106.5750E-09  932.8660E-03  935.5301E-03  927.5379E-03  224.8078E-21  447.7709E-21
  106.7500E-09  932.8660E-03  935.5785E-03  927.4411E-03  224.8223E-21  447.7563E-21
  106.9250E-09  932.8660E-03  935.5474E-03  927.5034E-03  224.8070E-21  447.7717E-21
  107.1000E-09  932.8660E-03  935.5243E-03  927.5494E-03  224.8114E-21  447.7673E-21
  107.2750E-09  932.8660E-03  935.6288E-03  927.3404E-03  224.8518E-21  447.7268E-21
  107.4500E-09  932.8660E-03  935.6819E-03  927.2342E-03  224.8716E-21  447.7071E-21
  107.6250E-09  932.8660E-03  935.7012E-03  927.1957E-03  224.8824E-21  447.6962E-21
  107.8000E-09  932.8660E-03  935.7294E-03  927.1394E-03  224.9106E-21  447.6681E-21
  107.9750E-09  932.8660E-03  935.6666E-03  927.2650E-03  224.8901E-21  447.6886E-21
  108.1500E-09  932.8660E-03  935.6629E-03  927.2723E-03  224.9202E-21  447.6585E-21
  108.3250E-09  932.8660E-03  935.6499E-03  927.2982E-03  224.8957E-21  447.6830E-21
  108.5000E-09  932.8660E-03  935.6509E-03  927.2964E-03  224.9186E-21  447.6600E-21
  108.6750E-09  932.8660E-03  935.5994E-03  927.3993E-03  224.9123E-21  447.6663E-21
  108.8500E-09  932.8660E-03  935.4131E-03  927.7719E-03  224.8485E-21  447.7301E-21
  109.0250E-09  932.8660E-03  935.3788E-03  927.8405E-03  224.8186E-21  447.7600E-21
  109.2000E-09  932.8660E-03  935.4211E-03  927.7558E-03  224.8218E-21  447.7568E-21
  109.3750E-09  932.8660E-03  935.5097E-03  927.5788E-03  224.8867E-21  447.6919E-21
  109.5500E-09  932.8660E-03  935.4245E-03  927.7491E-03  224.8646E-21  447.7141E-21
  109.7250E-09  932.8660E-03  935.3273E-03  927.9436E-03  224.8685E-21  447.7101E-21
  109.9000E-09  932.8660E-03  935.2436E-03  928.1108E-03  224.8221E-21  447.7566E-21
  110.0750E-09  932.8660E-03  935.0675E-03  928.4630E-03  224.7787E-21  447.8000E-21
  110.2500E-09  932.8660E-03  935.0240E-03  928.5501E-03  224.7839E-21  447.7947E-21
  110.4250E-09  932.8660E-03  935.0692E-03  928.4597E-03  224.7973E-21  447.7814E-21
  110.6000E-09  932.8660E-03  935.1899E-03  928.2183E-03  224.8213E-21  447.7573E-21
  110.7750E-09  932.8660E-03  935.0940E-03  928.4100E-03  224.8153E-21  447.7634E-21
  110.9500E-09  932.8660E-03  935.1367E-03  928.3247E-03  224.8426E-21  447.7361E-21
  111.1250E-09  932.8660E-03  935.1440E-03  928.3101E-03  224.8346E-21  447.7441E-21
  111.3000E-09  932.8660E-03  935.2022E-03  928.1937E-03  224.8283E-21  447.7503E-21
  111.4750E-09  932.8660E-03  935.2957E-03  928.0067E-03  224.8481E-21  447.7306E-21
  111.6500E-09  932.8660E-03  935.1886E-03  928.2208E-03  224.7921E-21  447.7866E-21
  111.8250E-09  932.8660E-03  935.0657E-03  928.4666E-03  224.7696E-21  447.8090E-21
  112.0000E-09  932.8660E-03  935.0773E-03  928.4434E-03  224.7759E-21  447.8027E-21
  112.1750E-09  932.8660E-03  935.0985E-03  928.4011E-03  224.8216E-21  447.7571E-21
  112.3500E-09  932.8660E-03  935.0669E-03  928.4642E-03  224.8569E-21  447.7218E-21
  112.5250E-09  932.8660E-03  935.0366E-03  928.5249E-03  224.8327E-21  447.7460E-21
  112.7000E-09  932.8660E-03  935.0332E-03  928.5317E-03  224.8357E-21  447.7430E-21
  112.8750E-09  932.8660E-03  935.0412E-03  928.5157E-03  224.7930E-21  447.7857E-21
  113.0500E-09  932.8660E-03  935.0314E-03  928.5353E-03  224.8227E-21  447.7560E-21
  113.2250E-09  932.8660E-03  934.9687E-03  928.6607E-03  224.7879E-21  447.7908E-21
  113.4000E-09  932.8660E-03  934.8937E-03  928.8107E-03  224.7937E-21  447.7849E-21
  113.5750E-09  932.8660E-03  934.9275E-03  928.7432E-03  224.8482E-21  447.7304E-21
  113.7500E-09  932.8660E-03  934.8991E-03  928.7999E-03  224.8500E-21  447.7287E-21
  113.9250E-09  932.8660E-03  934.9762E-03  928.6457E-03  224.8852E-21  447.6934E-21
  114.1000E-09  932.8660E-03  934.9911E-03  928.6159E-03  224.9087E-21  447.6699E-21
  114.2750E-09  932.8660E-03  934.9697E-03  928.6586E-03  224.8987E-21  447.6799E-21
  114.4500E-09  932.8660E-03  934.9359E-03  928.7264E-03  224.8537E-21  447.7249E-21
  114.6250E-09  932.8660E-03  934.9688E-03  928.6606E-03  224.9113E-21  447.6674E-21
  114.8000E-09  932.8660E-03  935.0595E-03  928.4791E-03  224.9644E-21  447.6143E-21
  114.9750E-09  932.8660E-03  934.8663E-03  928.8655E-03  224.9056E-21  447.6731E-21
  115.1500E-09  932.8660E-03  934.8204E-03  928.9573E-03  224.8771E-21  447.7015E-21
  115.3250E-09  932.8660E-03  934.7642E-03  929.0698E-03  224.8888E-21  447.6898E-21
  115.5000E-09  932.8660E-03  934.7761E-03  929.0460E-03  224.9038E-21  447.6749E-21
  115.6750E-09  932.8660E-03  934.6966E-03  929.2048E-03  224.9123E-21  447.6663E-21
  115.8500E-09  932.8660E-03  934.7587E-03  929.0808E-03  224.9354E-21  447.6433E-21
  116.0250E-09  932.8660E-03  934.6916E-03  929.2148E-03  224.9106E-21  447.6680E-21
  116.2000E-09  932.8660E-03  934.8010E-03  928.9961E-03  224.9212E-21  447.6575E-21
  116.3750E-09  932.8660E-03  934.8300E-03  928.9382E-03  224.9182E-21  447.6605E-21
  116.5500E-09  932.8660E-03  934.7688E-03  929.0605E-03  224.8796E-21  447.6991E-21
  116.7250E-09  932.8660E-03  934.7226E-03  929.1529E-03  224.8947E-21  447.6840E-21
  116.9000E-09  932.8660E-03  934.7701E-03  929.0579E-03  224.9197E-21  447.6589E-21
  117.0750E-09  932.8660E-03  934.7712E-03  929.0556E-03  224.9089E-21  447.6697E-21
  117.2500E-09  932.8660E-03  934.7718E-03  929.0544E-03  224.8781E-21  447.7006E-21
  117.4250E-09  932.8660E-03  934.7529E-03  929.0923E-03  224.8814E-21  447.6972E-21
  117.6000E-09  932.8660E-03  934.6876E-03  929.2229E-03  224.8582E-21  447.7204E-21
  117.7750E-09  932.8660E-03  934.7582E-03  929.0818E-03  224.9242E-21  447.6544E-21
  117.9500E-09  932.8660E-03  934.7063E-03  929.1855E-03  224.8906E-21  447.6881E-21
  118.1250E-09  932.8660E-03  934.7372E-03  929.1237E-03  224.9144E-21  447.6643E-21
  118.3000E-09  932.8660E-03  934.6998E-03  929.1985E-03  224.9162E-21  447.6624E-21
  118.4750E-09  932.8660E-03  934.7257E-03  929.1468E-03  224.8602E-21  447.7185E-21
  118.6500E-09  932.8660E-03  934.6661E-03  929.2658E-03  224.8242E-21  447.7545E-21
  118.8250E-09  932.8660E-03  934.6448E-03  929.3086E-03  224.8180E-21  447.7607E-21
  119.0000E-09  932.8660E-03  934.6182E-03  929.3617E-03  224.8131E-21  447.7656E-21
  119.1750E-09  932.8660E-03  934.6022E-03  929.3936E-03  224.8209E-21  447.7577E-21
  119.3500E-09  932.8660E-03  934.6354E-03  929.3274E-03  224.8315E-21  447.7471E-21
  119.5250E-09  932.8660E-03  934.6256E-03  929.3468E-03  224.8596E-21  447.7191E-21
  119.7000E-09  932.8660E-03  934.5770E-03  929.4441E-03  224.8530E-21  447.7257E-21
  119.8750E-09  932.8660E-03  934.4492E-03  929.6996E-03  224.8068E-21  447.7718E-21
  120.0500E-09  932.8660E-03  934.4647E-03  929.6687E-03  224.7965E-21  447.7821E-21
  120.2250E-09  932.8660E-03  934.4312E-03  929.7357E-03  224.7834E-21  447.7953E-21
  120.4000E-09  932.8660E-03  934.4204E-03  929.7574E-03  224.7980E-21  447.7806E-21
  120.5750E-09  932.8660E-03  934.3875E-03  929.8231E-03  224.7528E-21  447.8259E-21
  120.7500E-09  932.8660E-03  934.3383E-03  929.9215E-03  224.7139E-21  447.8647E-21
  120.9250E-09  932.8660E-03  934.3131E-03  929.9719E-03  224.6574E-21  447.9213E-21
  121.1000E-09  932.8660E-03  934.1941E-03  930.2099E-03  224.6589E-21  447.9198E-21
  121.2750E-09  932.8660E-03  934.2035E-03  930.1912E-03  224.6665E-21  447.9122E-21
  121.4500E-09  932.8660E-03  934.2561E-03  930.0858E-03  224.7125E-21  447.8662E-21
  121.6250E-09  932.8660E-03  934.2192E-03  930.1596E-03  224.6778E-21  447.9009E-21
  121.8000E-09  932.8660E-03  934.2627E-03  930.0728E-03  224.6776E-21  447.9011E-21
  121.9750E-09  932.8660E-03  934.2377E-03  930.1226E-03  224.6591E-21  447.9195E-21
  122.1500E-09  932.8660E-03  934.2506E-03  930.0969E-03  224.6842E-21  447.8945E-21
  122.3250E-09  932.8660E-03  934.2244E-03  930.1493E-03  224.6228E-21  447.9559E-21
  122.5000E-09  932.8660E-03  934.1960E-03  930.2062E-03  224.6298E-21  447.9488E-21
  122.6750E-09  932.8660E-03  934.1841E-03  930.2299E-03  224.6684E-21  447.9102E-21
  122.8500E-09  932.8660E-03  934.0867E-03  930.4246E-03  224.6127E-21  447.9660E-21
  123.0250E-09  932.8660E-03  934.0849E-03  930.4283E-03  224.6001E-21  447.9785E-21
  123.2000E-09  932.8660E-03  934.1776E-03  930.2428E-03  224.6379E-21  447.9408E-21
  123.3750E-09  932.8660E-03  934.1592E-03  930.2797E-03  224.5812E-21  447.9975E-21
  123.5500E-09  932.8660E-03  934.1467E-03  930.3046E-03  224.6046E-21  447.9741E-21
  123.7250E-09  932.8660E-03  934.1499E-03  930.2982E-03  224.5786E-21  448.0000E-21
  123.9000E-09  932.8660E-03  934.0920E-03  930.4140E-03  224.5782E-21  448.0005E-21
  124.0750E-09  932.8660E-03  934.0901E-03  930.4178E-03  224.5728E-21  448.0059E-21
  124.2500E-09  932.8660E-03  934.0994E-03  930.3993E-03  224.5519E-21  448.0268E-21
  124.4250E-09  932.8660E-03  934.0639E-03  930.4703E-03  224.5092E-21  448.0695E-21
  124.6000E-09  932.8660E-03  934.0669E-03  930.4643E-03  224.4960E-21  448.0827E-21
  124.7750E-09  932.8660E-03  934.1196E-03  930.3589E-03  224.4792E-21  448.0995E-21
  124.9500E-09  932.8660E-03  934.0972E-03  930.4037E-03  224.4969E-21  448.0817E-21
  125.1250E-09  932.8660E-03  934.0765E-03  930.4451E-03  224.4453E-21  448.1334E-21
  125.3000E-09  932.8660E-03  934.0584E-03  930.4814E-03  224.4332E-21  448.1454E-21
  125.4750E-09  932.8660E-03  933.9895E-03  930.6190E-03  224.4211E-21  448.1576E-21
  125.6500E-09  932.8660E-03  933.9881E-03  930.6219E-03  224.4301E-21  448.1486E-21
  125.8250E-09  932.8660E-03  933.9719E-03  930.6544E-03  224.4183E-21  448.1603E-21
  126.0000E-09  932.8660E-03  933.9552E-03  930.6876E-03  224.4183E-21  448.1604E-21
  126.1750E-09  932.8660E-03  933.9271E-03  930.7439E-03  224.3978E-21  448.1808E-21
  126.3500E-09  932.8660E-03  933.9894E-03  930.6193E-03  224.3991E-21  448.1796E-21
  126.5250E-09  932.8660E-03  934.0248E-03  930.5484E-03  224.4614E-21  448.1173E-21
  126.7000E-09  932.8660E-03  933.9525E-03  930.6931E-03  224.4492E-21  448.1294E-21
  126.8750E-09  932.8660E-03  934.0057E-03  930.5867E-03  224.4838E-21  448.0949E-21
  127.0500E-09  932.8660E-03  933.9463E-03  930.7054E-03  224.4746E-21  448.1041E-21
  127.2250E-09  932.8660E-03  933.9543E-03  930.6895E-03  224.5040E-21  448.0747E-21
  127.4000E-09  932.8660E-03  933.9869E-03  930.6242E-03  224.5083E-21  448.0703E-21
  127.5750E-09  932.8660E-03  933.9124E-03  930.7733E-03  224.5162E-21  448.0624E-21
  127.7500E-09  932.8660E-03  933.9161E-03  930.7659E-03  224.4916E-21  448.0870E-21
  127.9250E-09  932.8660E-03  933.9144E-03  930.7694E-03  224.4966E-21  448.0821E-21
  128.1000E-09  932.8660E-03  933.8823E-03  930.8336E-03  224.5029E-21  448.0758E-21
  128.2750E-09  932.8660E-03  933.9319E-03  930.7343E-03  224.5269E-21  448.0518E-21
  128.4500E-09  932.8660E-03  933.8722E-03  930.8537E-03  224.4869E-21  448.0917E-21
  128.6250E-09  932.8660E-03  933.7699E-03  931.0584E-03  224.4550E-21  448.1237E-21
  128.8000E-09  932.8660E-03  933.8826E-03  930.8328E-03  224.5206E-21  448.0580E-21
  128.9750E-09  932.8660E-03  933.7655E-03  931.0672E-03  224.4808E-21  448.0978E-21
  129.1500E-09  932.8660E-03  933.6844E-03  931.2294E-03  224.4555E-21  448.1232E-21
  129.3250E-09  932.8660E-03  933.6639E-03  931.2703E-03  224.4504E-21  448.1282E-21
  129.5000E-09  932.8660E-03  933.7326E-03  931.1329E-03  224.4475E-21  448.1312E-21
  129.6750E-09  932.8660E-03  933.8029E-03  930.9922E-03  224.4461E-21  448.1326E-21
  129.8500E-09  932.8660E-03  933.8217E-03  930.9546E-03  224.4053E-21  448.1733E-21
  130.0250E-09  932.8660E-03  933.7875E-03  931.0231E-03  224.3886E-21  448.1901E-21
  130.2000E-09  932.8660E-03  933.7037E-03  931.1907E-03  224.3476E-21  448.2311E-21
  130.3750E-09  932.8660E-03  933.5576E-03  931.4828E-03  224.3045E-21  448.2742E-21
  130.5500E-09  932.8660E-03  933.6421E-03  931.3139E-03  224.3144E-21  448.2642E-21
  130.7250E-09  932.8660E-03  933.6026E-03  931.3930E-03  224.3066E-21  448.2721E-21
  130.9000E-09  932.8660E-03  933.5811E-03  931.4358E-03  224.3017E-21  448.2770E-21
  131.0750E-09  932.8660E-03  933.5355E-03  931.5271E-03  224.3043E-21  448.2744E-21
  131.2500E-09  932.8660E-03  933.5142E-03  931.5697E-03  224.2965E-21  448.2822E-21
  131.4250E-09  932.8660E-03  933.5505E-03  931.4971E-03  224.2677E-21  448.3110E-21
  131.6000E-09  932.8660E-03  933.6019E-03  931.3942E-03  224.2987E-21  448.2800E-21
  131.7750E-09  932.8660E-03  933.5113E-03  931.5756E-03  224.2541E-21  448.3245E-21
  131.9500E-09  932.8660E-03  933.4584E-03  931.6813E-03  224.2633E-21  448.3154E-21
  132.1250E-09  932.8660E-03  933.3841E-03  931.8299E-03  224.2449E-21  448.3338E-21
  132.3000E-09  932.8660E-03  933.4371E-03  931.7240E-03  224.2836E-21  448.2950E-21
  132.4750E-09  932.8660E-03  933.4481E-03  931.7019E-03  224.2667E-21  448.3119E-21
  132.6500E-09  932.8660E-03  933.3932E-03  931.8117E-03  224.2557E-21  448.3230E-21
  132.8250E-09  932.8660E-03  933.3667E-03  931.8648E-03  224.2546E-21  448.3240E-21
  133.0000E-09  932.8660E-03  933.2935E-03  932.0111E-03  224.2630E-21  448.3157E-21
  133.1750E-09  932.8660E-03  933.2755E-03  932.0471E-03  224.2439E-21  448.3348E-21
  133.3500E-09  932.8660E-03  933.4505E-03  931.6971E-03  224.2730E-21  448.3056E-21
  133.5250E-09  932.8660E-03  933.4791E-03  931.6399E-03  224.3086E-21  448.2701E-21
  133.7000E-09  932.8660E-03  933.3842E-03  931.8297E-03  224.2501E-21  448.3286E-21
  133.8750E-09  932.8660E-03  933.2853E-03  932.0275E-03  224.2719E-21  448.3067E-21
  134.0500E-09  932.8660E-03  933.2686E-03  932.0608E-03  224.2822E-21  448.2964E-21
  134.2250E-09  932.8660E-03  933.3034E-03  931.9913E-03  224.3478E-21  448.2308E-21
  134.4000E-09  932.8660E-03  933.2400E-03  932.1182E-03  224.3227E-21  448.2560E-21
  134.5750E-09  932.8660E-03  933.2433E-03  932.1115E-03  224.3230E-21  448.2557E-21
  134.7500E-09  932.8660E-03  933.2014E-03  932.1952E-03  224.3021E-21  448.2765E-21
  134.9250E-09  932.8660E-03  933.1510E-03  932.2961E-03  224.3263E-21  448.2524E-21
  135.1000E-09  932.8660E-03  933.1593E-03  932.2794E-03  224.3425E-21  448.2361E-21
  135.2750E-09  932.8660E-03  933.2580E-03  932.0821E-03  224.3668E-21  448.2118E-21
  135.4500E-09  932.8660E-03  933.3424E-03  931.9133E-03  224.4087E-21  448.1700E-21
  135.6250E-09  932.8660E-03  933.3319E-03  931.9342E-03  224.4171E-21  448.1615E-21
  135.8000E-09  932.8660E-03  933.2714E-03  932.0553E-03  224.4068E-21  448.1718E-21
  135.9750E-09  932.8660E-03  933.1973E-03  932.2035E-03  224.3924E-21  448.1863E-21
  136.1500E-09  932.8660E-03  933.1299E-03  932.3384E-03  224.3888E-21  448.1899E-21
  136.3250E-09  932.8660E-03  933.2031E-03  932.1919E-03  224.3816E-21  448.1971E-21
  136.5000E-09  932.8660E-03  933.2131E-03  932.1720E-03  224.3907E-21  448.1880E-21
  136.6750E-09  932.8660E-03  933.2511E-03  932.0958E-03  224.3714E-21  448.2072E-21
  136.8500E-09  932.8660E-03  933.3446E-03  931.9088E-03  224.4363E-21  448.1423E-21
  137.0250E-09  932.8660E-03  933.3199E-03  931.9583E-03  224.4504E-21  448.1283E-21
  137.2000E-09  932.8660E-03  933.3571E-03  931.8839E-03  224.4721E-21  448.1065E-21
  137.3750E-09  932.8660E-03  933.4054E-03  931.7873E-03  224.5076E-21  448.0711E-21
  137.5500E-09  932.8660E-03  933.5268E-03  931.5445E-03  224.5303E-21  448.0484E-21
  137.7250E-09  932.8660E-03  933.5661E-03  931.4660E-03  224.4976E-21  448.0810E-21
  137.9000E-09  932.8660E-03  933.5628E-03  931.4725E-03  224.5093E-21  448.0693E-21
  138.0750E-09  932.8660E-03  933.6183E-03  931.3615E-03  224.5514E-21  448.0273E-21
  138.2500E-09  932.8660E-03  933.6032E-03  931.3917E-03  224.5656E-21  448.0130E-21
  138.4250E-09  932.8660E-03  933.6507E-03  931.2967E-03  224.5762E-21  448.0025E-21
  138.6000E-09  932.8660E-03  933.7005E-03  931.1970E-03  224.5546E-21  448.0240E-21
  138.7750E-09  932.8660E-03  933.9257E-03  930.7468E-03  224.6369E-21  447.9418E-21
  138.9500E-09  932.8660E-03  933.8704E-03  930.8573E-03  224.6302E-21  447.9484E-21
  139.1250E-09  932.8660E-03  933.8820E-03  930.8341E-03  224.5907E-21  447.9880E-21
  139.3000E-09  932.8660E-03  933.8047E-03  930.9886E-03  224.5546E-21  448.0241E-21
  139.4750E-09  932.8660E-03  933.8634E-03  930.8714E-03  224.5984E-21  447.9803E-21
  139.6500E-09  932.8660E-03  933.9104E-03  930.7773E-03  224.6050E-21  447.9737E-21
  139.8250E-09  932.8660E-03  933.9972E-03  930.6037E-03  224.5922E-21  447.9865E-21
  140.0000E-09  932.8660E-03  934.0366E-03  930.5249E-03  224.5997E-21  447.9790E-21
