    0.0000E+00  932.8660E-03  999.4789E-03  799.6402E-03  240.2770E-21  432.3016E-21
  875.0000E-12  932.8660E-03  997.5535E-03  803.4911E-03  239.7584E-21  432.8202E-21
    1.7500E-09  932.8660E-03  995.4950E-03  807.6081E-03  239.3542E-21  433.2245E-21
    2.6250E-09  932.8660E-03  993.5046E-03  811.5889E-03  238.8321E-21  433.7465E-21
    3.5000E-09  932.8660E-03  991.7433E-03  815.1114E-03  238.4359E-21  434.1428E-21
    4.3750E-09  932.8660E-03  989.7843E-03  819.0295E-03  238.0362E-21  434.5424E-21
    5.2500E-09  932.8660E-03  988.0778E-03  822.4425E-03  237.6087E-21  434.9699E-21
    6.1250E-09  932.8660E-03  986.4563E-03  825.6855E-03  237.1494E-21  435.4293E-21
    7.0000E-09  932.8660E-03  985.1060E-03  828.3860E-03  236.7879E-21  435.7908E-21
    7.8750E-09  932.8660E-03  983.4668E-03  831.6644E-03  236.4103E-21  436.1684E-21
    8.7500E-09  932.8660E-03  982.0114E-03  834.5752E-03  236.0190E-21  436.5596E-21
    9.6250E-09  932.8660E-03  980.3499E-03  837.8984E-03  235.6367E-21  436.9419E-21
   10.5000E-09  932.8660E-03  978.7928E-03  841.0125E-03  235.3379E-21  437.2407E-21
   11.3750E-09  932.8660E-03  977.5193E-03  843.5596E-03  235.1209E-21  437.4578E-21
   12.2500E-09  932.8660E-03  976.2998E-03  845.9985E-03  234.7323E-21  437.8463E-21
   13.1250E-09  932.8660E-03  974.9333E-03  848.7314E-03  234.4486E-21  438.1301E-21
   14.0000E-09  932.8660E-03  973.6315E-03  851.3351E-03  234.0854E-21  438.4932E-21
   14.8750E-09  932.8660E-03  972.6066E-03  853.3850E-03  233.8689E-21  438.7097E-21
   15.7500E-09  932.8660E-03  971.6138E-03  855.3706E-03  233.6081E-21  438.9706E-21
   16.6250E-09  932.8660E-03  970.5199E-03  857.5583E-03  233.3037E-21  439.2750E-21
   17.5000E-09  932.8660E-03  969.3346E-03  859.9288E-03  233.0656E-21  439.5131E-21
   18.3750E-09  932.8660E-03  968.2924E-03  862.0132E-03  232.8049E-21  439.7738E-21
   19.2500E-09  932.8660E-03  966.9601E-03  864.6778E-03  232.5896E-21  439.9891E-21
   20.1250E-09  932.8660E-03  965.9040E-03  866.7901E-03  232.2726E-21  440.3060E-21
   21.0000E-09  932.8660E-03  964.9509E-03  868.6962E-03  232.0062E-21  440.5725E-21
   21.8750E-09  932.8660E-03  963.9524E-03  870.6933E-03  231.8354E-21  440.7432E-21
   22.7500E-09  932.8660E-03  962.8301E-03  872.9380E-03  231.5451E-21  441.0336E-21
   23.6250E-09  932.8660E-03  962.0424E-03  874.5134E-03  231.2843E-21  441.2944E-21
   24.5000E-09  932.8660E-03  961.2806E-03  876.0369E-03  231.0784E-21  441.5003E-21
   25.3750E-09  932.8660E-03  960.6112E-03  877.3757E-03  230.8353E-21  441.7434E-21
   26.2500E-09  932.8660E-03  959.9347E-03  878.7287E-03  230.7004E-21  441.8782E-21
   27.1250E-09  932.8660E-03  959.1751E-03  880.2479E-03  230.4807E-21  442.0980E-21
   28.0000E-09  932.8660E-03  958.4781E-03  881.6420E-03  230.2415E-21  442.3372E-21
   28.8750E-09  932.8660E-03  957.8752E-03  882.8477E-03  230.0793E-21  442.4994E-21
   29.7500E-09  932.8660E-03  957.1616E-03  884.2748E-03  229.9442E-21  442.6345E-21
   30.6250E-09  932.8660E-03  956.3102E-03  885.9776E-03  229.7530E-21  442.8256E-21
   31.5000E-09  932.8660E-03  955.5873E-03  887.4234E-03  229.6429E-21  442.9358E-21
   32.3750E-09  932.8660E-03  955.0697E-03  888.4587E-03  229.4599E-21  443.1188E-21
   33.2500E-09  932.8660E-03  954.3233E-03  889.9514E-03  229.2366E-21  443.3421E-21
   34.1250E-09  932.8660E-03  953.9870E-03  890.6242E-03  229.1676E-21  443.4110E-21
   35.0000E-09  932.8660E-03  953.5333E-03  891.5316E-03  229.0666E-21  443.5121E-21
   35.8750E-09  932.8660E-03  953.0270E-03  892.5441E-03  229.0718E-21  443.5068E-21
   36.7500E-09  932.8660E-03  952.5088E-03  893.5804E-03  228.9618E-21  443.6169E-21
   37.6250E-09  932.8660E-03  952.0673E-03  894.4635E-03  228.8705E-21  443.7082E-21
   38.5000E-09  932.8660E-03  951.4543E-03  895.6894E-03  228.5742E-21  444.0044E-21
   39.3750E-09  932.8660E-03  950.7510E-03  897.0960E-03  228.3851E-21  444.1936E-21
   40.2500E-09  932.8660E-03  950.2052E-03  898.1877E-03  228.1566E-21  444.4221E-21
   41.1250E-09  932.8660E-03  949.7066E-03  899.1850E-03  227.9556E-21  444.6230E-21
   42.0000E-09  932.8660E-03  949.4232E-03  899.7517E-03  227.9018E-21  444.6768E-21
   42.8750E-09  932.8660E-03  949.0434E-03  900.5113E-03  227.9463E-21  444.6323E-21
   43.7500E-09  932.8660E-03  948.4492E-03  901.6997E-03  227.8009E-21  444.7778E-21
   44.6250E-09  932.8660E-03  948.0145E-03  902.5692E-03  227.7773E-21  444.8014E-21
   45.5000E-09  932.8660E-03  947.3328E-03  903.9324E-03  227.5452E-21  445.0335E-21
   46.3750E-09  932.8660E-03  947.1184E-03  904.3612E-03  227.5344E-21  445.0442E-21
   47.2500E-09  932.8660E-03  946.9249E-03  904.7482E-03  227.5139E-21  445.0648E-21
   48.1250E-09  932.8660E-03  946.8185E-03  904.9611E-03  227.4802E-21  445.0984E-21
   49.0000E-09  932.8660E-03  946.5746E-03  905.4489E-03  227.3983E-21  445.1804E-21
   49.8750E-09  932.8660E-03  946.3738E-03  905.8505E-03  227.3256E-21  445.2531E-21
   50.7500E-09  932.8660E-03  946.0226E-03  906.5528E-03  227.2241E-21  445.3546E-21
   51.6250E-09  932.8660E-03  945.7777E-03  907.0428E-03  227.2150E-21  445.3637E-21
   52.5000E-09  932.8660E-03  945.4998E-03  907.5985E-03  227.2970E-21  445.2816E-21
   53.3750E-09  932.8660E-03  945.1448E-03  908.3084E-03  227.2158E-21  445.3628E-21
   54.2500E-09  932.8660E-03  944.9465E-03  908.7050E-03  227.0424E-21  445.5363E-21
   55.1250E-09  932.8660E-03  944.6020E-03  909.3942E-03  227.0049E-21  445.5738E-21
   56.0000E-09  932.8660E-03  944.2382E-03  910.1218E-03  226.8946E-21  445.6840E-21
   56.8750E-09  932.8660E-03  944.0380E-03  910.5221E-03  226.8441E-21  445.7345E-21
   57.7500E-09  932.8660E-03  943.7635E-03  911.0712E-03  226.7961E-21  445.7825E-21
   58.6250E-09  932.8660E-03  943.4589E-03  911.6803E-03  226.7748E-21  445.8039E-21
   59.5000E-09  932.8660E-03  943.0448E-03  912.5085E-03  226.6599E-21  445.9187E-21
   60.3750E-09  932.8660E-03  942.9558E-03  912.6865E-03  226.6559E-21  445.9227E-21
   61.2500E-09  932.8660E-03  942.5827E-03  913.4327E-03  226.5409E-21  446.0378E-21
   62.1250E-09  932.8660E-03  942.2669E-03  914.0642E-03  226.4031E-21  446.1755E-21
   63.0000E-09  932.8660E-03  942.0718E-03  914.4545E-03  226.3612E-21  446.2175E-21
   63.8750E-09  932.8660E-03  941.9895E-03  914.6192E-03  226.3600E-21  446.2187E-21
   64.7500E-09  932.8660E-03  941.5736E-03  915.4509E-03  226.2860E-21  446.2927E-21
   65.6250E-09  932.8660E-03  941.4552E-03  915.6877E-03  226.2273E-21  446.3513E-21
   66.5000E-09  932.8660E-03  941.4294E-03  915.7393E-03  226.1910E-21  446.3877E-21
   67.3750E-09  932.8660E-03  941.1886E-03  916.2209E-03  226.1513E-21  446.4273E-21
   68.2500E-09  932.8660E-03  940.8435E-03  916.9111E-03  226.0261E-21  446.5526E-21
   69.1250E-09  932.8660E-03  940.5122E-03  917.5737E-03  225.9714E-21  446.6073E-21
   70.0000E-09  932.8660E-03  940.5500E-03  917.4980E-03  225.9907E-21  446.5880E-21
   70.8750E-09  932.8660E-03  940.4190E-03  917.7602E-03  225.9609E-21  446.6178E-21
   71.7500E-09  932.8660E-03  940.1369E-03  918.3242E-03  225.8547E-21  446.7240E-21
   72.6250E-09  932.8660E-03  939.9560E-03  918.6862E-03  225.8105E-21  446.7682E-21
   73.5000E-09  932.8660E-03  940.0790E-03  918.4402E-03  225.7711E-21  446.8075E-21
   74.3750E-09  932.8660E-03  940.0367E-03  918.5247E-03  225.7803E-21  446.7984E-21
   75.2500E-09  932.8660E-03  939.8592E-03  918.8798E-03  225.7566E-21  446.8220E-21
   76.1250E-09  932.8660E-03  939.5078E-03  919.5824E-03  225.7100E-21  446.8686E-21
   77.0000E-09  932.8660E-03  939.5353E-03  919.5275E-03  225.8214E-21  446.7572E-21
   77.8750E-09  932.8660E-03  939.2296E-03  920.1389E-03  225.7039E-21  446.8747E-21
   78.7500E-09  932.8660E-03  939.0038E-03  920.5904E-03  225.6389E-21  446.9398E-21
   79.6250E-09  932.8660E-03  938.8967E-03  920.8047E-03  225.6280E-21  446.9507E-21
   80.5000E-09  932.8660E-03  938.8071E-03  920.9840E-03  225.6325E-21  446.9462E-21
   81.3750E-09  932.8660E-03  938.4651E-03  921.6679E-03  225.5834E-21  446.9952E-21
   82.2500E-09  932.8660E-03  938.1961E-03  922.2060E-03  225.4721E-21  447.1065E-21
   83.1250E-09  932.8660E-03  938.2666E-03  922.0648E-03  225.5566E-21  447.0220E-21
   84.0000E-09  932.8660E-03  938.3197E-03  921.9587E-03  225.5891E-21  446.9896E-21
   84.8750E-09  932.8660E-03  938.2040E-03  922.1900E-03  225.5204E-21  447.0583E-21
   85.7500E-09  932.8660E-03  938.1457E-03  922.3067E-03  225.5202E-21  447.0584E-21
   86.6250E-09  932.8660E-03  938.0367E-03  922.5246E-03  225.5396E-21  447.0391E-21
   87.5000E-09  932.8660E-03  937.7821E-03  923.0339E-03  225.3094E-21  447.2693E-21
   88.3750E-09  932.8660E-03  937.7801E-03  923.0378E-03  225.3298E-21  447.2488E-21
   89.2500E-09  932.8660E-03  937.6477E-03  923.3027E-03  225.3415E-21  447.2372E-21
   90.1250E-09  932.8660E-03  937.3292E-03  923.9397E-03  225.2873E-21  447.2913E-21
   91.0000E-09  932.8660E-03  936.8970E-03  924.8042E-03  225.1735E-21  447.4052E-21
   91.8750E-09  932.8660E-03  936.7910E-03  925.0160E-03  225.2071E-21  447.3716E-21
   92.7500E-09  932.8660E-03  936.8725E-03  924.8531E-03  225.2555E-21  447.3231E-21
   93.6250E-09  932.8660E-03  936.8567E-03  924.8848E-03  225.2291E-21  447.3496E-21
   94.5000E-09  932.8660E-03  936.9351E-03  924.7279E-03  225.3075E-21  447.2712E-21
   95.3750E-09  932.8660E-03  936.9699E-03  924.6583E-03  225.3124E-21  447.2662E-21
   96.2500E-09  932.8660E-03  936.6055E-03  925.3872E-03  225.1714E-21  447.4073E-21
   97.1250E-09  932.8660E-03  936.3835E-03  925.8311E-03  225.0607E-21  447.5179E-21
   98.0000E-09  932.8660E-03  936.2596E-03  926.0788E-03  224.9726E-21  447.6060E-21
   98.8750E-09  932.8660E-03  936.3223E-03  925.9534E-03  225.0628E-21  447.5158E-21
   99.7500E-09  932.8660E-03  936.2414E-03  926.1153E-03  224.9502E-21  447.6284E-21
  100.6250E-09  932.8660E-03  936.3252E-03  925.9478E-03  224.9890E-21  447.5896E-21
  101.5000E-09  932.8660E-03  936.1707E-03  926.2566E-03  224.9903E-21  447.5883E-21
  102.3750E-09  932.8660E-03  936.1627E-03  926.2726E-03  225.0417E-21  447.5369E-21
  103.2500E-09  932.8660E-03  935.7986E-03  927.0009E-03  224.9850E-21  447.5937E-21
  104.1250E-09  932.8660E-03  935.7784E-03  927.0413E-03  224.9617E-21  447.6170E-21
  105.0000E-09  932.8660E-03  935.7423E-03  927.1136E-03  224.9197E-21  447.6590E-21
  105.8750E-09  932.8660E-03  935.6337E-03  927.3308E-03  224.9502E-21  447.6284E-21
  106.7500E-09  932.8660E-03  935.4506E-03  927.6970E-03  224.8806E-21  447.6980E-21
  107.6250E-09  932.8660E-03  935.3310E-03  927.9362E-03  224.9360E-21  447.6426E-21
  108.5000E-09  932.8660E-03  935.4728E-03  927.6525E-03  224.9975E-21  447.5812E-21
  109.3750E-09  932.8660E-03  935.3993E-03  927.7995E-03  224.9614E-21  447.6172E-21
  110.2500E-09  932.8660E-03  935.2802E-03  928.0376E-03  224.9508E-21  447.6278E-21
  111.1250E-09  932.8660E-03  935.1511E-03  928.2959E-03  224.9913E-21  447.5874E-21
  112.0000E-09  932.8660E-03  935.5514E-03  927.4953E-03  225.1033E-21  447.4753E-21
  112.8750E-09  932.8660E-03  935.4767E-03  927.6448E-03  225.1540E-21  447.4246E-21
  113.7500E-09  932.8660E-03  935.4682E-03  927.6617E-03  225.1024E-21  447.4762E-21
  114.6250E-09  932.8660E-03  935.4802E-03  927.6377E-03  225.1232E-21  447.4554E-21
  115.5000E-09  932.8660E-03  935.4338E-03  927.7305E-03  225.0855E-21  447.4931E-21
  116.3750E-09  932.8660E-03  935.4556E-03  927.6868E-03  224.9918E-21  447.5868E-21
  117.2500E-09  932.8660E-03  935.4843E-03  927.6295E-03  225.0061E-21  447.5725E-21
  118.1250E-09  932.8660E-03  935.1793E-03  928.2395E-03  224.8897E-21  447.6889E-21
  119.0000E-09  932.8660E-03  935.1801E-03  928.2380E-03  224.8568E-21  447.7219E-21
  119.8750E-09  932.8660E-03  935.1157E-03  928.3667E-03  224.9274E-21  447.6513E-21
  120.7500E-09  932.8660E-03  934.9906E-03  928.6168E-03  225.0076E-21  447.5711E-21
  121.6250E-09  932.8660E-03  934.8509E-03  928.8964E-03  224.9978E-21  447.5809E-21
  122.5000E-09  932.8660E-03  934.9680E-03  928.6621E-03  225.0304E-21  447.5483E-21
  123.3750E-09  932.8660E-03  934.9247E-03  928.7486E-03  224.9843E-21  447.5943E-21
  124.2500E-09  932.8660E-03  934.8739E-03  928.8503E-03  224.9676E-21  447.6110E-21
  125.1250E-09  932.8660E-03  934.8360E-03  928.9262E-03  225.0650E-21  447.5137E-21
  126.0000E-09  932.8660E-03  935.0180E-03  928.5621E-03  225.1196E-21  447.4591E-21
  126.8750E-09  932.8660E-03  935.2114E-03  928.1753E-03  225.0813E-21  447.4974E-21
  127.7500E-09  932.8660E-03  935.0910E-03  928.4161E-03  225.0519E-21  447.5267E-21
  128.6250E-09  932.8660E-03  934.9056E-03  928.7870E-03  225.0705E-21  447.5082E-21
  129.5000E-09  932.8660E-03  935.0116E-03  928.5749E-03  225.0553E-21  447.5234E-21
  130.3750E-09  932.8660E-03  934.9055E-03  928.7871E-03  224.8428E-21  447.7358E-21
  131.2500E-09  932.8660E-03  934.8861E-03  928.8258E-03  224.8686E-21  447.7101E-21
  132.1250E-09  932.8660E-03  934.7862E-03  929.0256E-03  224.7606E-21  447.8181E-21
  133.0000E-09  932.8660E-03  934.7757E-03  929.0467E-03  224.6135E-21  447.9651E-21
  133.8750E-09  932.8660E-03  934.7858E-03  929.0266E-03  224.6796E-21  447.8990E-21
  134.7500E-09  932.8660E-03  934.6963E-03  929.2055E-03  224.5607E-21  448.0180E-21
  135.6250E-09  932.8660E-03  934.6624E-03  929.2734E-03  224.5219E-21  448.0568E-21
  136.5000E-09  932.8660E-03  934.5663E-03  929.4656E-03  224.5154E-21  448.0633E-21
  137.3750E-09  932.8660E-03  934.3383E-03  929.9215E-03  224.4881E-21  448.0905E-21
  138.2500E-09  932.8660E-03  934.4786E-03  929.6408E-03  224.4910E-21  448.0877E-21
  139.1250E-09  932.8660E-03  934.5631E-03  929.4718E-03  224.4796E-21  448.0990E-21
  140.0000E-09  932.8660E-03  934.4658E-03  929.6666E-03  224.4743E-21  448.1043E-21
