    0.0000E+00  932.8660E-03  997.4109E-03  803.7762E-03  239.7875E-21  432.7911E-21
    8.7500E-09  932.8660E-03  986.4761E-03  825.6459E-03  237.1126E-21  435.4660E-21
   17.5000E-09  932.8660E-03  976.8451E-03  844.9079E-03  234.9555E-21  437.6232E-21
   26.2500E-09  932.8660E-03  969.1145E-03  860.3690E-03  232.9238E-21  439.6548E-21
   35.0000E-09  932.8660E-03  963.3595E-03  871.8791E-03  231.6734E-21  440.9053E-21
   43.7500E-09  932.8660E-03  958.2573E-03  882.0834E-03  230.5218E-21  442.0568E-21
   52.5000E-09  932.8660E-03  954.4063E-03  889.7855E-03  229.3352E-21  443.2435E-21
   61.2500E-09  932.8660E-03  951.0799E-03  896.4383E-03  228.5412E-21  444.0374E-21
   70.0000E-09  932.8660E-03  948.1509E-03  902.2964E-03  227.8258E-21  444.7529E-21
   78.7500E-09  932.8660E-03  945.6042E-03  907.3898E-03  227.2877E-21  445.2909E-21
   87.5000E-09  932.8660E-03  943.8132E-03  910.9718E-03  226.8551E-21  445.7236E-21
   96.2500E-09  932.8660E-03  941.7159E-03  915.1662E-03  226.4000E-21  446.1787E-21
  105.0000E-09  932.8660E-03  939.9056E-03  918.7868E-03  226.0390E-21  446.5397E-21
  113.7500E-09  932.8660E-03  938.9924E-03  920.6133E-03  225.8345E-21  446.7442E-21
  122.5000E-09  932.8660E-03  937.7706E-03  923.0568E-03  225.5080E-21  447.0706E-21
  131.2500E-09  932.8660E-03  936.6813E-03  925.2356E-03  225.0449E-21  447.5337E-21
  140.0000E-09  932.8660E-03  935.6609E-03  927.2762E-03  224.7827E-21  447.7960E-21
